16
104
1 2 8
1 5 9
1 8 3
1 9 10
1 10 14
1 13 6
2 1 5
2 3 15
2 7 14
2 10 1
2 14 12
2 16 4
3 2 12
3 15 5
4 4 6
4 6 13
4 7 15
4 8 5
4 9 16
4 10 2
4 11 4
4 13 7
5 1 6
5 6 12
5 8 15
5 9 14
5 11 3
5 16 5
6 4 11
6 5 1
6 6 7
6 7 6
6 8 9
6 9 4
6 10 12
6 11 8
6 12 5
6 13 3
7 2 1
7 4 7
7 6 5
7 11 10
7 13 16
7 15 14
8 1 10
8 4 13
8 5 16
8 6 2
8 11 11
8 12 6
8 13 15
8 16 12
9 1 13
9 4 4
9 5 3
9 6 16
9 11 1
9 12 8
9 13 9
9 16 10
10 2 16
10 4 2
10 6 4
10 11 14
10 13 12
10 15 1
11 4 1
11 5 15
11 6 9
11 7 5
11 8 7
11 9 2
11 10 13
11 11 12
11 12 16
11 13 6
12 1 11
12 6 8
12 8 12
12 9 7
12 11 15
12 16 16
13 4 5
13 6 11
13 7 2
13 8 4
13 9 13
13 10 10
13 11 6
13 13 8
14 2 11
14 15 16
15 1 9
15 3 3
15 7 8
15 10 15
15 14 7
15 16 2
16 2 2
16 5 10
16 8 1
16 9 5
16 12 9
16 15 12