16
112
1 2 1
1 3 9
1 4 12
1 6 5
1 9 6
1 14 3
1 15 13
2 3 3
2 5 1
2 6 12
2 9 9
2 10 16
2 12 5
2 14 4
3 1 7
3 2 6
3 4 10
3 10 1
3 11 8
3 13 14
3 15 2
4 1 16
4 2 15
4 5 11
4 7 4
4 8 8
4 16 12
5 2 10
5 3 8
5 4 11
5 6 3
5 11 7
5 12 13
5 14 9
5 15 14
5 16 6
6 2 12
6 3 15
6 6 10
6 7 8
6 13 16
6 14 2
6 15 5
7 2 2
7 4 3
7 5 9
7 6 13
7 7 7
7 10 10
7 12 1
7 14 8
8 4 16
8 6 15
8 8 6
8 9 8
8 12 14
9 4 16
9 6 15
9 8 6
9 9 8
9 12 14
10 3 1
10 5 3
10 7 14
10 10 2
10 11 5
10 12 10
10 13 11
10 15 16
11 2 14
11 3 11
11 4 15
11 10 7
11 11 3
11 14 13
11 15 4
12 1 5
12 2 9
12 3 16
12 5 13
12 6 2
12 11 1
12 13 8
12 14 15
12 15 3
13 1 15
13 9 3
13 10 14
13 12 2
13 15 7
13 16 8
14 2 16
14 4 5
14 6 6
14 7 3
14 13 2
14 15 12
14 16 4
15 3 14
15 5 8
15 7 2
15 8 13
15 11 15
15 12 7
15 14 5
16 2 8
16 3 2
16 8 14
16 11 11
16 13 1
16 14 10
16 15 6