25
301
2 1 2
6 1 3
7 1 14
9 1 8
18 1 13
19 1 4
20 1 24
22 1 7
23 1 1
2 2 10
3 2 17
7 2 6
8 2 18
11 2 22
12 2 16
14 2 12
19 2 1
23 2 13
24 2 19
2 3 15
3 3 24
4 3 13
5 3 7
9 3 4
11 3 10
14 3 3
15 3 14
17 3 18
22 3 22
23 3 2
24 3 6
3 4 1
4 4 21
7 4 15
9 4 22
12 4 19
13 4 13
17 4 8
22 4 16
23 4 18
24 4 20
2 5 5
5 5 20
6 5 7
7 5 25
8 5 19
12 5 21
13 5 17
14 5 18
15 5 2
16 5 10
17 5 12
18 5 22
19 5 9
20 5 15
21 5 11
1 6 11
5 6 22
6 6 8
8 6 24
9 6 7
10 6 1
11 6 5
15 6 13
16 6 16
17 6 17
18 6 25
19 6 23
20 6 2
21 6 4
23 6 6
25 6 19
1 7 16
2 7 9
3 7 12
5 7 17
7 7 19
8 7 22
13 7 18
14 7 21
17 7 20
18 7 6
19 7 13
21 7 7
24 7 23
25 7 11
3 8 6
5 8 21
6 8 9
7 8 16
9 8 3
12 8 22
13 8 20
14 8 19
19 8 15
20 8 8
21 8 25
3 9 23
4 9 5
6 9 2
9 9 11
10 9 17
11 9 8
15 9 16
16 9 12
17 9 9
20 9 21
22 9 3
23 9 10
6 10 6
9 10 12
11 10 9
12 10 1
13 10 25
15 10 3
17 10 11
20 10 7
23 10 21
3 11 9
6 11 23
8 11 5
9 11 17
10 11 4
11 11 16
13 11 11
15 11 22
16 11 18
17 11 2
19 11 21
20 11 13
23 11 7
1 12 4
2 12 6
5 12 5
8 12 2
12 12 18
13 12 21
14 12 24
17 12 19
18 12 3
20 12 12
21 12 23
24 12 17
4 13 12
5 13 11
7 13 7
8 13 3
10 13 24
11 13 17
12 13 20
13 13 15
14 13 13
15 13 19
16 13 1
18 13 5
19 13 8
21 13 6
22 13 9
2 14 22
5 14 14
6 14 19
8 14 6
9 14 16
12 14 8
13 14 9
14 14 7
18 14 24
21 14 3
24 14 1
25 14 18
3 15 21
6 15 25
7 15 13
9 15 20
10 15 8
11 15 12
13 15 14
15 15 10
16 15 9
17 15 16
18 15 15
20 15 6
23 15 4
3 16 25
6 16 24
9 16 18
11 16 4
13 16 3
14 16 10
15 16 5
17 16 1
20 16 14
3 17 5
4 17 3
6 17 17
9 17 23
10 17 7
11 17 13
15 17 18
16 17 19
17 17 21
20 17 22
22 17 11
23 17 12
5 18 18
6 18 10
7 18 8
12 18 25
13 18 23
14 18 2
17 18 5
19 18 16
20 18 11
21 18 9
23 18 3
1 19 17
2 19 20
5 19 2
7 19 22
8 19 16
9 19 6
12 19 7
13 19 12
18 19 9
19 19 3
21 19 18
23 19 23
24 19 24
25 19 25
1 20 6
3 20 4
5 20 16
6 20 1
7 20 11
8 20 12
9 20 25
10 20 3
11 20 19
15 20 21
16 20 17
17 20 23
18 20 8
20 20 18
21 20 2
25 20 14
5 21 4
6 21 14
7 21 24
8 21 11
9 21 19
10 21 23
11 21 21
12 21 17
13 21 16
14 21 8
18 21 1
19 21 2
20 21 9
21 21 13
24 21 5
2 22 1
3 22 14
4 22 23
9 22 9
13 22 19
14 22 5
17 22 24
19 22 12
22 22 8
23 22 17
2 23 16
3 23 11
4 23 8
9 23 1
11 23 6
12 23 4
15 23 23
17 23 15
21 23 14
22 23 12
23 23 9
24 23 10
2 24 21
3 24 3
7 24 17
12 24 15
14 24 25
15 24 20
18 24 4
19 24 10
23 24 16
24 24 11
3 25 20
4 25 2
6 25 16
7 25 5
8 25 8
17 25 6
19 25 19
20 25 25
24 25 3
