16
102
2 1 9
3 1 4
4 1 7
11 1 5
12 1 10
16 1 1
3 2 3
7 2 1
8 2 7
9 2 11
14 2 10
15 2 6
1 3 16
5 3 13
6 3 15
8 3 9
14 3 7
16 3 3
3 4 12
4 4 6
5 4 10
6 4 3
7 4 5
12 4 8
13 4 16
14 4 4
2 5 2
3 5 15
5 5 4
6 5 7
8 5 8
9 5 16
11 5 13
12 5 3
16 5 5
1 6 3
5 6 6
7 6 12
10 6 5
11 6 15
15 6 8
1 7 8
2 7 16
3 7 5
6 7 9
8 7 11
9 7 12
10 7 7
12 7 1
1 8 14
12 8 2
5 9 8
16 9 9
5 10 3
7 10 7
8 10 12
9 10 2
11 10 11
14 10 1
15 10 16
16 10 15
2 11 14
6 11 16
7 11 11
10 11 12
12 11 7
16 11 10
1 12 4
5 12 2
6 12 10
8 12 13
9 12 6
11 12 8
12 12 9
14 12 5
15 12 14
3 13 14
4 13 15
5 13 1
10 13 13
11 13 3
12 13 16
13 13 5
14 13 9
1 14 9
3 14 8
9 14 5
11 14 12
12 14 4
16 14 2
2 15 3
3 15 11
8 15 16
9 15 8
10 15 15
14 15 14
1 16 1
5 16 5
6 16 12
13 16 4
14 16 3
15 16 11
