36
768
1 1 20
2 1 13
4 1 34
5 1 7
6 1 15
7 1 16
8 1 1
10 1 19
12 1 24
13 1 4
14 1 12
16 1 5
20 1 28
21 1 35
23 1 14
24 1 30
25 1 21
26 1 10
27 1 8
28 1 22
31 1 32
32 1 29
33 1 11
34 1 9
36 1 26
2 2 17
3 2 9
5 2 11
7 2 27
9 2 4
12 2 15
13 2 33
14 2 7
17 2 21
19 2 19
21 2 12
22 2 25
25 2 28
27 2 14
28 2 24
30 2 23
31 2 6
32 2 16
34 2 13
35 2 35
36 2 36
1 3 27
2 3 18
5 3 8
6 3 26
8 3 20
10 3 28
11 3 23
14 3 30
15 3 11
16 3 14
17 3 1
18 3 16
21 3 33
23 3 6
25 3 34
27 3 3
28 3 13
31 3 25
32 3 19
33 3 5
35 3 31
1 4 19
3 4 22
4 4 16
6 4 24
8 4 5
9 4 18
10 4 32
12 4 8
14 4 15
17 4 17
18 4 6
19 4 11
21 4 2
23 4 23
25 4 35
27 4 9
28 4 30
30 4 36
31 4 1
33 4 14
36 4 28
1 5 33
2 5 1
3 5 2
5 5 4
9 5 14
11 5 9
13 5 32
17 5 19
18 5 34
19 5 8
21 5 31
22 5 36
26 5 16
27 5 11
28 5 18
29 5 5
32 5 21
34 5 17
35 5 20
36 5 30
1 6 5
2 6 35
3 6 28
4 6 14
7 6 33
8 6 30
11 6 12
12 6 31
13 6 9
14 6 8
15 6 3
17 6 29
18 6 13
20 6 21
21 6 4
23 6 26
25 6 32
26 6 6
27 6 2
29 6 20
33 6 15
34 6 22
36 6 27
2 7 20
4 7 22
8 7 32
9 7 25
10 7 2
11 7 29
12 7 14
13 7 28
15 7 26
16 7 36
20 7 5
21 7 24
23 7 21
24 7 4
26 7 3
28 7 31
29 7 9
31 7 8
35 7 17
36 7 23
5 8 17
6 8 34
7 8 4
8 8 35
9 8 10
10 8 3
12 8 13
14 8 6
15 8 24
16 8 7
17 8 32
20 8 16
21 8 8
23 8 12
24 8 18
26 8 26
27 8 25
28 8 28
29 8 36
30 8 22
31 8 5
33 8 27
34 8 14
36 8 20
1 9 26
2 9 9
3 9 27
4 9 25
5 9 36
7 9 34
8 9 28
16 9 18
17 9 11
21 9 20
22 9 32
26 9 7
27 9 4
29 9 23
30 9 17
32 9 24
33 9 31
35 9 21
1 10 11
2 10 32
3 10 12
4 10 18
5 10 10
6 10 4
8 10 16
9 10 31
12 10 17
13 10 3
14 10 25
15 10 2
16 10 15
18 10 20
19 10 36
20 10 1
22 10 35
25 10 19
29 10 30
30 10 24
33 10 28
34 10 33
36 10 7
1 11 6
5 11 24
6 11 5
7 11 20
8 11 8
9 11 11
12 11 18
13 11 12
15 11 35
19 11 27
20 11 34
23 11 28
24 11 23
25 11 10
30 11 13
31 11 36
32 11 22
34 11 4
1 12 13
2 12 8
3 12 23
4 12 21
6 12 16
10 12 30
11 12 24
12 12 36
14 12 22
15 12 10
16 12 17
17 12 4
18 12 1
20 12 31
22 12 14
23 12 25
25 12 27
26 12 34
27 12 12
29 12 35
30 12 32
31 12 9
33 12 2
35 12 29
36 12 3
1 13 16
7 13 5
8 13 4
11 13 31
13 13 30
14 13 10
18 13 32
19 13 33
24 13 15
26 13 24
27 13 35
30 13 26
31 13 2
32 13 27
35 13 1
36 13 19
1 14 2
3 14 18
4 14 26
6 14 21
7 14 36
8 14 24
11 14 19
12 14 27
15 14 5
17 14 15
18 14 22
19 14 13
20 14 32
22 14 16
24 14 12
25 14 33
27 14 29
29 14 28
31 14 31
33 14 9
34 14 34
35 14 3
36 14 10
2 15 22
5 15 33
9 15 2
10 15 21
12 15 30
14 15 23
15 15 9
16 15 13
17 15 8
18 15 7
20 15 27
21 15 19
22 15 24
23 15 3
25 15 16
26 15 25
27 15 10
29 15 18
30 15 5
31 15 29
34 15 35
1 16 10
2 16 19
3 16 5
4 16 23
5 16 1
6 16 3
7 16 17
8 16 13
9 16 20
15 16 25
16 16 28
18 16 11
19 16 31
21 16 14
22 16 30
25 16 15
27 16 32
28 16 6
29 16 34
30 16 21
34 16 24
36 16 22
1 17 8
6 17 11
7 17 18
8 17 15
10 17 10
11 17 28
12 17 25
14 17 33
15 17 19
17 17 36
18 17 17
20 17 23
22 17 7
23 17 34
25 17 13
28 17 12
29 17 27
31 17 30
32 17 20
33 17 16
34 17 21
35 17 14
2 18 15
4 18 17
5 18 29
10 18 1
11 18 33
13 18 18
14 18 24
16 18 16
18 18 31
19 18 5
20 18 10
21 18 36
22 18 20
23 18 2
24 18 21
25 18 3
27 18 30
31 18 11
32 18 32
33 18 13
34 18 28
3 19 24
4 19 10
5 19 5
6 19 2
10 19 22
12 19 20
13 19 14
14 19 26
15 19 33
16 19 35
17 19 28
18 19 27
19 19 3
21 19 30
23 19 17
24 19 11
26 19 19
27 19 34
32 19 23
33 19 29
35 19 32
2 20 34
3 20 15
4 20 36
5 20 32
6 20 35
8 20 7
9 20 9
12 20 19
14 20 2
15 20 1
17 20 18
19 20 14
20 20 29
22 20 21
23 20 27
25 20 12
26 20 5
27 20 24
29 20 10
30 20 16
31 20 33
36 20 13
1 21 14
3 21 16
7 21 30
8 21 33
9 21 27
10 21 25
12 21 10
15 21 31
16 21 34
18 21 29
19 21 4
21 21 5
22 21 15
28 21 21
29 21 32
30 21 1
31 21 28
32 21 18
33 21 3
34 21 19
35 21 2
36 21 9
3 22 3
6 22 1
7 22 2
8 22 36
10 22 34
11 22 32
12 22 23
14 22 21
15 22 7
16 22 11
17 22 20
19 22 16
20 22 26
21 22 10
22 22 9
23 22 22
25 22 30
27 22 28
28 22 25
32 22 14
35 22 5
1 23 22
2 23 21
3 23 26
4 23 29
6 23 28
8 23 14
10 23 5
12 23 12
13 23 16
15 23 30
17 23 23
18 23 4
19 23 32
20 23 6
22 23 31
25 23 20
26 23 2
29 23 17
30 23 33
31 23 27
33 23 24
34 23 25
36 23 11
1 24 17
2 24 4
5 24 12
6 24 8
7 24 1
10 24 24
11 24 26
13 24 15
18 24 5
19 24 34
23 24 18
24 24 33
26 24 31
29 24 6
30 24 9
36 24 35
1 25 1
2 25 36
4 25 19
6 25 12
7 25 29
8 25 18
10 25 26
11 25 35
12 25 33
14 25 32
15 25 8
17 25 5
19 25 20
20 25 15
21 25 27
22 25 23
23 25 13
25 25 25
26 25 4
27 25 6
31 25 17
33 25 22
34 25 7
35 25 24
36 25 31
3 26 33
5 26 13
6 26 6
7 26 10
12 26 9
13 26 35
14 26 28
17 26 24
18 26 18
22 26 8
24 26 14
25 26 1
28 26 5
29 26 22
30 26 20
31 26 15
32 26 36
36 26 29
1 27 29
3 27 34
4 27 8
7 27 24
8 27 21
12 27 32
15 27 15
17 27 6
18 27 10
19 27 28
21 27 9
22 27 5
23 27 33
24 27 31
25 27 7
28 27 26
29 27 3
31 27 16
32 27 35
33 27 12
34 27 11
35 27 23
36 27 2
2 28 5
4 28 7
5 28 18
7 28 3
8 28 11
10 28 8
11 28 14
15 28 29
16 28 21
20 28 22
21 28 34
29 28 24
30 28 31
32 28 10
33 28 4
34 28 6
35 28 25
36 28 32
1 29 3
3 29 10
4 29 20
6 29 22
7 29 6
8 29 2
9 29 7
10 29 12
11 29 17
13 29 31
14 29 13
16 29 23
17 29 30
20 29 4
21 29 18
22 29 26
23 29 24
25 29 11
27 29 16
28 29 15
29 29 29
30 29 35
31 29 14
32 29 9
1 30 24
2 30 26
6 30 31
8 30 23
9 30 34
11 30 25
13 30 22
14 30 3
16 30 12
17 30 7
21 30 29
22 30 6
24 30 1
25 30 8
26 30 14
27 30 13
28 30 9
29 30 21
33 30 20
35 30 27
1 31 35
3 31 20
4 31 9
8 31 19
10 31 7
11 31 27
12 31 21
14 31 18
16 31 6
17 31 10
19 31 29
20 31 33
22 31 11
23 31 16
24 31 34
25 31 22
26 31 30
29 31 12
30 31 28
33 31 25
34 31 31
35 31 8
36 31 14
1 32 23
2 32 12
3 32 7
5 32 15
8 32 9
9 32 16
10 32 4
11 32 1
15 32 32
16 32 27
18 32 25
19 32 6
20 32 30
24 32 17
26 32 18
28 32 35
32 32 11
34 32 29
35 32 10
36 32 21
1 33 36
4 33 5
6 33 19
7 33 32
9 33 23
10 33 18
12 33 34
14 33 1
16 33 30
18 33 24
19 33 25
20 33 35
23 33 31
25 33 9
27 33 7
28 33 10
29 33 8
31 33 20
33 33 33
34 33 27
36 33 16
2 34 10
4 34 6
5 34 34
6 34 18
9 34 30
10 34 14
12 34 26
14 34 29
16 34 33
19 34 23
20 34 19
21 34 15
22 34 27
23 34 8
26 34 11
27 34 5
29 34 1
31 34 24
32 34 12
35 34 9
36 34 17
1 35 28
2 35 16
3 35 4
5 35 3
6 35 13
7 35 8
9 35 29
10 35 33
12 35 11
15 35 20
16 35 31
18 35 9
20 35 14
23 35 5
24 35 10
25 35 24
28 35 27
30 35 25
32 35 6
34 35 30
35 35 7
1 36 32
3 36 8
4 36 27
5 36 30
6 36 25
9 36 5
10 36 35
11 36 3
12 36 6
13 36 23
14 36 11
16 36 2
17 36 26
21 36 21
23 36 36
24 36 9
25 36 17
27 36 20
29 36 14
30 36 19
31 36 22
32 36 4
33 36 34
35 36 13
36 36 15
