25
297
1 1 2
2 1 14
5 1 17
9 1 23
13 1 4
17 1 11
21 1 19
22 1 15
25 1 9
3 2 8
4 2 4
9 2 2
11 2 23
14 2 1
15 2 24
22 2 5
23 2 13
2 3 24
3 3 7
5 3 1
6 3 10
8 3 4
9 3 17
11 3 25
16 3 15
17 3 22
18 3 2
20 3 5
21 3 23
22 3 6
23 3 14
24 3 12
2 4 21
5 4 18
6 4 5
7 4 13
8 4 11
10 4 3
13 4 9
16 4 4
19 4 8
20 4 7
24 4 24
1 5 3
2 5 25
3 5 15
11 5 11
12 5 13
14 5 16
15 5 8
19 5 23
23 5 2
25 5 18
3 6 1
4 6 6
6 6 22
16 6 9
18 6 5
20 6 20
21 6 24
22 6 14
23 6 25
4 7 7
7 7 1
8 7 6
9 7 18
11 7 24
13 7 11
15 7 3
17 7 2
18 7 12
19 7 14
22 7 4
23 7 22
25 7 23
1 8 15
3 8 22
7 8 23
8 8 25
9 8 4
10 8 14
12 8 8
14 8 5
16 8 6
17 8 21
18 8 11
19 8 17
21 8 10
23 8 16
24 8 18
1 9 14
3 9 25
7 9 9
8 9 8
9 9 16
10 9 5
11 9 1
12 9 4
13 9 6
14 9 10
17 9 23
18 9 7
19 9 19
23 9 17
25 9 20
4 10 2
5 10 11
8 10 15
11 10 13
12 10 14
13 10 18
14 10 17
15 10 23
18 10 4
22 10 3
24 10 19
2 11 22
5 11 20
6 11 15
7 11 14
10 11 13
12 11 25
13 11 16
14 11 24
16 11 7
19 11 1
21 11 11
24 11 8
5 12 7
8 12 10
9 12 1
10 12 6
11 12 18
12 12 22
14 12 19
15 12 20
16 12 5
17 12 24
18 12 25
21 12 13
22 12 17
25 12 14
1 13 16
4 13 15
7 13 19
9 13 7
10 13 9
11 13 3
13 13 21
15 13 2
16 13 11
17 13 14
19 13 13
22 13 22
25 13 24
1 14 23
4 14 14
5 14 13
8 14 17
9 14 22
10 14 21
11 14 8
12 14 1
14 14 11
15 14 5
16 14 16
17 14 9
18 14 18
21 14 20
2 15 6
5 15 3
7 15 11
10 15 20
12 15 15
13 15 10
14 15 14
16 15 23
19 15 22
20 15 4
21 15 21
24 15 25
2 16 11
4 16 22
8 16 23
11 16 16
12 16 3
13 16 15
14 16 4
15 16 25
18 16 8
21 16 6
22 16 7
1 17 25
3 17 13
7 17 5
8 17 22
9 17 19
12 17 18
13 17 24
14 17 6
15 17 14
16 17 21
17 17 20
18 17 23
19 17 7
23 17 4
25 17 1
2 18 16
3 18 21
5 18 4
7 18 2
8 18 13
9 18 3
10 18 1
12 18 7
14 18 23
16 18 12
17 18 15
18 18 9
19 18 24
23 18 10
25 18 25
1 19 19
3 19 12
4 19 23
7 19 8
8 19 14
9 19 9
11 19 5
13 19 17
15 19 10
17 19 16
18 19 6
19 19 25
22 19 20
3 20 5
4 20 8
5 20 10
6 20 24
8 20 7
10 20 17
20 20 13
22 20 19
23 20 12
1 21 24
3 21 20
7 21 6
11 21 19
12 21 21
14 21 8
15 21 17
23 21 11
24 21 2
25 21 15
2 22 5
6 22 1
7 22 18
10 22 25
13 22 13
16 22 17
18 22 10
19 22 12
20 22 23
21 22 3
24 22 14
2 23 12
3 23 14
4 23 17
5 23 2
6 23 16
8 23 20
9 23 11
10 23 23
15 23 15
17 23 5
18 23 13
20 23 3
21 23 22
23 23 9
24 23 1
3 24 3
4 24 11
11 24 20
12 24 23
15 24 18
17 24 4
22 24 10
23 24 19
1 25 13
4 25 1
5 25 15
9 25 8
13 25 12
17 25 7
21 25 18
24 25 5
25 25 4
