16
108
2 1 4
11 1 14
12 1 3
13 1 16
2 2 13
3 2 16
8 2 15
9 2 5
10 2 4
14 2 10
15 2 8
16 2 1
2 3 9
4 3 2
8 3 16
10 3 13
11 3 6
12 3 1
15 3 15
1 4 1
4 4 10
5 4 13
7 4 14
9 4 16
11 4 12
13 4 2
14 4 5
1 5 10
3 5 1
9 5 8
11 5 9
13 5 3
1 6 4
3 6 12
4 6 14
5 6 16
8 6 13
9 6 1
2 7 7
3 7 11
7 7 5
8 7 8
9 7 14
10 7 6
13 7 13
2 8 5
4 8 6
5 8 14
6 8 1
7 8 15
10 8 3
11 8 13
14 8 16
15 8 7
2 9 1
3 9 3
6 9 16
7 9 6
10 9 5
11 9 8
12 9 13
13 9 9
15 9 11
4 10 8
7 10 10
8 10 7
9 10 6
10 10 11
14 10 3
15 10 14
8 11 2
9 11 15
12 11 7
13 11 8
14 11 12
16 11 5
4 12 5
6 12 15
8 12 3
14 12 13
16 12 7
3 13 14
4 13 9
6 13 2
8 13 10
10 13 1
12 13 6
13 13 15
16 13 11
2 14 11
5 14 5
6 14 14
7 14 16
9 14 13
13 14 10
15 14 2
1 15 6
2 15 16
3 15 13
7 15 4
8 15 11
9 15 10
14 15 14
15 15 5
4 16 4
5 16 9
6 16 13
15 16 1
