49
1341
1 1 24
3 1 25
8 1 26
9 1 11
12 1 12
15 1 4
16 1 14
17 1 46
20 1 39
21 1 8
23 1 3
24 1 16
29 1 20
30 1 47
34 1 29
35 1 17
36 1 30
38 1 31
41 1 43
42 1 21
47 1 19
48 1 10
49 1 41
1 2 17
5 2 31
6 2 43
7 2 47
13 2 2
19 2 28
20 2 10
21 2 15
23 2 27
26 2 24
29 2 40
30 2 49
33 2 36
34 2 1
37 2 39
38 2 11
39 2 13
40 2 46
42 2 37
43 2 42
45 2 34
46 2 9
47 2 3
48 2 48
1 3 2
2 3 22
5 3 36
9 3 45
11 3 4
12 3 44
13 3 24
14 3 6
15 3 49
18 3 41
19 3 26
22 3 19
23 3 17
25 3 25
26 3 43
27 3 28
29 3 42
30 3 13
31 3 10
35 3 21
36 3 14
37 3 33
38 3 15
39 3 27
40 3 35
42 3 34
44 3 39
46 3 23
47 3 40
49 3 18
1 4 1
2 4 30
3 4 40
4 4 23
5 4 38
6 4 3
8 4 42
9 4 17
14 4 8
16 4 24
19 4 7
20 4 43
21 4 21
22 4 47
24 4 31
27 4 44
29 4 18
30 4 19
32 4 37
33 4 11
35 4 27
37 4 28
39 4 12
40 4 5
41 4 48
43 4 2
48 4 4
1 5 49
3 5 34
4 5 19
5 5 20
6 5 28
7 5 21
12 5 3
13 5 38
16 5 23
18 5 25
19 5 18
23 5 13
24 5 42
28 5 4
30 5 26
31 5 45
32 5 39
33 5 12
34 5 5
35 5 22
36 5 17
37 5 44
41 5 36
42 5 7
43 5 43
44 5 15
47 5 32
48 5 16
1 6 16
2 6 18
4 6 26
6 6 41
8 6 20
9 6 15
10 6 14
11 6 40
12 6 37
13 6 27
14 6 36
15 6 30
16 6 9
17 6 45
18 6 17
19 6 35
22 6 11
23 6 1
25 6 21
26 6 34
28 6 12
30 6 43
31 6 8
33 6 28
34 6 31
35 6 44
38 6 19
39 6 10
42 6 6
43 6 33
44 6 29
45 6 25
46 6 24
49 6 38
1 7 4
4 7 9
5 7 46
6 7 12
8 7 19
11 7 43
13 7 28
15 7 13
16 7 42
19 7 37
20 7 34
23 7 40
26 7 48
28 7 39
30 7 2
32 7 41
33 7 35
35 7 7
36 7 18
38 7 20
40 7 3
41 7 24
42 7 29
45 7 8
47 7 11
48 7 44
49 7 1
2 8 29
3 8 48
4 8 2
6 8 18
7 8 24
8 8 38
10 8 8
11 8 46
13 8 15
14 8 12
16 8 28
18 8 45
20 8 27
22 8 31
24 8 22
27 8 40
30 8 25
32 8 1
36 8 9
37 8 4
38 8 17
42 8 35
43 8 37
46 8 10
48 8 20
49 8 16
1 9 31
5 9 49
6 9 26
10 9 36
12 9 7
13 9 37
16 9 44
18 9 32
19 9 40
20 9 42
23 9 16
24 9 30
25 9 35
26 9 4
27 9 11
29 9 48
31 9 24
34 9 8
35 9 9
36 9 27
37 9 3
38 9 13
40 9 38
41 9 29
45 9 12
46 9 47
47 9 43
49 9 5
1 10 12
2 10 11
4 10 47
5 10 9
6 10 21
7 10 34
9 10 44
10 10 4
12 10 29
13 10 26
15 10 38
16 10 39
17 10 35
19 10 10
20 10 33
22 10 32
24 10 17
25 10 7
26 10 6
27 10 25
28 10 37
29 10 5
33 10 45
37 10 31
39 10 42
41 10 20
42 10 30
43 10 3
45 10 49
46 10 15
49 10 22
2 11 20
3 11 46
4 11 37
7 11 3
8 11 43
11 11 22
12 11 24
17 11 34
20 11 2
22 11 18
23 11 47
25 11 1
26 11 44
27 11 27
28 11 10
29 11 31
30 11 28
31 11 36
35 11 26
37 11 32
38 11 48
39 11 45
40 11 7
43 11 30
44 11 8
46 11 13
47 11 17
1 12 28
2 12 1
6 12 14
8 12 33
16 12 13
18 12 26
20 12 37
21 12 4
26 12 45
27 12 46
29 12 47
30 12 6
32 12 10
33 12 29
37 12 40
38 12 22
39 12 41
40 12 34
41 12 15
42 12 43
43 12 9
47 12 7
48 12 39
49 12 44
1 13 41
3 13 38
7 13 36
9 13 31
10 13 9
11 13 45
12 13 49
13 13 39
14 13 47
15 13 1
22 13 5
23 13 19
24 13 12
28 13 8
30 13 7
32 13 13
33 13 4
35 13 42
37 13 21
38 13 46
41 13 44
42 13 16
43 13 27
44 13 28
46 13 48
48 13 29
49 13 34
2 14 15
3 14 44
9 14 1
11 14 3
12 14 35
13 14 30
16 14 7
17 14 11
18 14 19
22 14 29
24 14 9
25 14 20
26 14 28
27 14 34
28 14 2
29 14 22
33 14 37
36 14 26
37 14 5
39 14 14
40 14 36
41 14 23
43 14 18
44 14 25
46 14 45
47 14 4
48 14 31
1 15 23
4 15 38
6 15 9
8 15 36
13 15 46
14 15 28
15 15 27
16 15 18
18 15 5
21 15 20
24 15 32
25 15 34
27 15 41
28 15 21
29 15 1
30 15 22
34 15 7
37 15 42
38 15 29
39 15 17
41 15 45
42 15 3
43 15 44
44 15 14
45 15 16
47 15 10
49 15 13
3 16 37
4 16 5
5 16 48
7 16 20
11 16 17
16 16 40
19 16 34
20 16 38
21 16 14
22 16 45
24 16 24
27 16 49
28 16 47
31 16 42
36 16 11
37 16 10
39 16 31
41 16 32
42 16 13
44 16 12
45 16 41
46 16 39
47 16 9
48 16 18
49 16 33
2 17 3
3 17 17
4 17 45
5 17 34
12 17 14
17 17 36
18 17 12
20 17 6
21 17 33
22 17 42
24 17 27
25 17 10
27 17 20
28 17 29
29 17 46
30 17 39
32 17 31
35 17 24
36 17 16
39 17 26
41 17 2
42 17 19
44 17 48
45 17 4
46 17 32
47 17 1
49 17 7
1 18 10
2 18 19
3 18 42
4 18 18
5 18 11
7 18 6
8 18 45
9 18 20
10 18 31
11 18 8
12 18 4
13 18 29
17 18 47
19 18 3
20 18 17
22 18 14
23 18 38
24 18 48
27 18 9
28 18 7
29 18 2
30 18 23
32 18 5
34 18 13
39 18 34
42 18 33
43 18 36
45 18 26
46 18 35
47 18 30
2 19 7
3 19 32
4 19 12
6 19 15
7 19 49
9 19 6
11 19 48
12 19 30
13 19 9
20 19 31
21 19 10
23 19 44
25 19 8
26 19 19
27 19 1
28 19 22
29 19 34
30 19 41
33 19 17
34 19 37
37 19 23
39 19 39
42 19 28
43 19 29
44 19 45
47 19 24
48 19 43
49 19 11
1 20 44
3 20 26
4 20 24
5 20 33
6 20 16
8 20 1
9 20 42
10 20 37
12 20 34
15 20 35
17 20 2
18 20 30
20 20 22
21 20 29
22 20 28
23 20 39
24 20 3
27 20 4
28 20 46
34 20 36
35 20 10
36 20 43
38 20 27
40 20 49
42 20 20
44 20 38
45 20 19
46 20 6
47 20 5
1 21 39
2 21 31
3 21 14
5 21 28
6 21 8
7 21 2
9 21 32
11 21 24
12 21 19
13 21 43
16 21 49
19 21 1
20 21 41
22 21 13
23 21 15
25 21 26
26 21 23
28 21 11
29 21 29
30 21 4
32 21 3
33 21 16
37 21 12
39 21 18
42 21 46
43 21 34
46 21 27
2 22 38
3 22 21
6 22 25
7 22 29
8 22 14
10 22 32
12 22 11
13 22 18
14 22 31
15 22 40
16 22 43
17 22 13
19 22 23
20 22 26
23 22 8
24 22 20
25 22 45
26 22 22
27 22 10
28 22 3
30 22 16
31 22 37
32 22 17
37 22 24
40 22 19
42 22 27
44 22 30
45 22 44
48 22 42
1 23 7
4 23 41
5 23 2
7 23 23
8 23 47
9 23 16
10 23 13
12 23 27
14 23 17
16 23 22
17 23 42
18 23 20
19 23 12
23 23 26
24 23 49
25 23 31
28 23 35
30 23 44
32 23 38
34 23 4
36 23 34
39 23 32
43 23 8
44 23 10
45 23 29
46 23 19
49 23 25
3 24 3
4 24 15
5 24 16
7 24 12
9 24 30
11 24 26
13 24 25
15 24 6
17 24 17
18 24 9
19 24 31
21 24 34
23 24 36
24 24 4
26 24 27
27 24 38
28 24 1
29 24 13
30 24 35
32 24 20
33 24 10
34 24 49
35 24 11
37 24 18
38 24 2
41 24 37
43 24 32
45 24 43
48 24 28
1 25 11
2 25 46
3 25 33
4 25 44
5 25 32
7 25 10
11 25 1
12 25 23
13 25 21
16 25 38
17 25 4
19 25 14
20 25 35
21 25 28
23 25 30
27 25 29
29 25 26
30 25 8
31 25 5
33 25 7
35 25 18
36 25 15
38 25 45
39 25 16
41 25 42
42 25 40
43 25 49
47 25 39
48 25 37
2 26 17
3 26 31
4 26 43
6 26 34
17 26 7
18 26 44
22 26 40
23 26 9
25 26 48
26 26 37
28 26 24
30 26 15
31 26 1
32 26 6
33 26 14
34 26 21
35 26 30
36 26 23
37 26 49
39 26 46
40 26 39
41 26 11
43 26 16
44 26 26
45 26 13
46 26 36
47 26 47
48 26 33
49 26 27
1 27 36
2 27 40
4 27 28
6 27 4
7 27 8
9 27 43
10 27 5
12 27 9
14 27 3
16 27 10
17 27 48
18 27 15
19 27 19
22 27 34
23 27 46
24 27 47
25 27 41
26 27 39
28 27 44
33 27 33
34 27 32
37 27 30
38 27 7
43 27 1
44 27 11
46 27 21
1 28 14
2 28 39
3 28 19
7 28 22
9 28 8
11 28 28
12 28 15
13 28 41
15 28 32
16 28 1
17 28 30
18 28 11
19 28 25
20 28 49
21 28 27
22 28 7
27 28 12
28 28 16
33 28 42
34 28 40
37 28 9
39 28 44
40 28 31
41 28 4
42 28 47
44 28 17
45 28 48
49 28 24
2 29 16
3 29 18
5 29 25
6 29 17
9 29 35
11 29 41
12 29 1
13 29 47
14 29 40
15 29 34
16 29 2
17 29 19
18 29 49
20 29 9
24 29 39
25 29 4
27 29 30
28 29 27
33 29 32
34 29 28
36 29 31
37 29 20
39 29 21
42 29 10
44 29 6
45 29 22
46 29 43
47 29 23
49 29 37
1 30 15
2 30 14
3 30 39
4 30 11
5 30 41
6 30 37
7 30 40
9 30 36
11 30 23
12 30 26
13 30 42
14 30 25
15 30 8
16 30 3
17 30 10
18 30 38
19 30 27
20 30 44
22 30 9
24 30 13
26 30 20
27 30 22
31 30 4
32 30 18
33 30 21
34 30 16
36 30 1
37 30 34
39 30 35
40 30 32
42 30 2
43 30 7
44 30 49
45 30 33
47 30 48
49 30 46
1 31 34
2 31 10
3 31 7
5 31 23
7 31 30
9 31 22
10 31 38
11 31 6
12 31 18
14 31 27
15 31 20
16 31 35
19 31 33
20 31 13
24 31 19
25 31 12
26 31 14
30 31 24
32 31 49
33 31 26
38 31 16
44 31 5
46 31 3
47 31 44
48 31 9
49 31 42
2 32 5
3 32 1
4 32 20
7 32 31
9 32 9
12 32 2
13 32 7
14 32 33
16 32 26
18 32 39
19 32 6
21 32 46
22 32 43
27 32 35
28 32 40
29 32 38
30 32 34
33 32 23
34 32 48
35 32 13
36 32 28
37 32 17
38 32 25
39 32 3
40 32 22
42 32 18
44 32 16
45 32 32
47 32 27
49 32 30
1 33 19
2 33 48
3 33 9
5 33 42
9 33 28
10 33 24
12 33 10
13 33 16
14 33 29
15 33 23
17 33 18
19 33 41
20 33 25
21 33 7
22 33 8
23 33 32
24 33 38
26 33 1
29 33 37
31 33 3
32 33 15
33 33 47
34 33 20
35 33 5
38 33 33
40 33 4
41 33 27
42 33 44
43 33 14
47 33 12
48 33 17
49 33 2
2 34 2
5 34 6
6 34 13
7 34 33
9 34 19
10 34 21
12 34 43
17 34 37
18 34 16
19 34 29
20 34 4
21 34 42
22 34 24
25 34 11
26 34 25
27 34 15
28 34 26
31 34 27
32 34 46
33 34 22
34 34 30
35 34 41
36 34 12
39 34 9
40 34 23
41 34 49
43 34 10
47 34 20
48 34 45
2 35 26
4 35 3
5 35 44
6 35 24
8 35 46
9 35 5
12 35 8
15 35 12
18 35 22
20 35 40
21 35 1
27 35 33
28 35 18
32 35 42
33 35 9
35 35 2
40 35 6
42 35 14
43 35 19
45 35 21
46 35 34
49 35 39
1 36 48
3 36 47
5 36 45
9 36 29
10 36 18
12 36 13
15 36 21
16 36 27
18 36 37
19 36 24
20 36 15
21 36 38
23 36 22
24 36 11
25 36 2
26 36 8
28 36 32
29 36 12
32 36 43
38 36 9
39 36 49
40 36 44
42 36 42
44 36 1
48 36 46
49 36 19
4 37 13
6 37 29
7 37 38
11 37 36
13 37 1
17 37 43
18 37 4
21 37 6
22 37 12
23 37 35
27 37 31
29 37 14
30 37 27
31 37 46
32 37 16
35 37 40
39 37 30
40 37 20
41 37 41
42 37 39
43 37 25
45 37 47
46 37 22
49 37 10
3 38 12
7 38 26
8 38 27
9 38 2
10 38 23
15 38 19
18 38 8
19 38 30
20 38 29
21 38 35
24 38 1
25 38 38
26 38 41
27 38 37
29 38 15
33 38 39
35 38 45
38 38 24
39 38 5
42 38 11
44 38 13
47 38 21
48 38 34
1 39 43
5 39 27
6 39 19
9 39 47
13 39 40
14 39 45
15 39 39
17 39 23
20 39 3
22 39 46
23 39 48
24 39 25
25 39 30
26 39 33
27 39 17
28 39 6
29 39 10
32 39 4
33 39 1
34 39 26
36 39 13
37 39 29
40 39 37
42 39 22
46 39 14
47 39 42
48 39 32
2 40 24
3 40 8
6 40 35
8 40 5
10 40 19
11 40 11
12 40 31
14 40 4
15 40 10
17 40 41
18 40 34
20 40 36
23 40 23
25 40 18
27 40 39
28 40 42
31 40 6
32 40 29
33 40 38
35 40 37
36 40 3
38 40 32
42 40 45
43 40 12
45 40 9
46 40 16
48 40 30
1 41 5
4 41 6
5 41 30
6 41 23
9 41 26
11 41 14
13 41 44
14 41 46
15 41 48
18 41 1
19 41 42
20 41 32
22 41 10
24 41 21
25 41 27
26 41 3
28 41 9
30 41 17
32 41 28
33 41 13
34 41 19
36 41 33
37 41 36
38 41 34
41 41 25
42 41 4
43 41 45
46 41 49
47 41 31
48 41 7
49 41 40
3 42 20
4 42 34
5 42 3
7 42 42
9 42 38
11 42 12
12 42 21
14 42 9
16 42 33
22 42 36
25 42 15
26 42 13
28 42 19
29 42 30
30 42 32
31 42 22
32 42 24
33 42 41
40 42 16
44 42 35
46 42 4
47 42 37
2 43 35
5 43 24
8 43 11
12 43 36
13 43 4
15 43 7
16 43 15
17 43 25
19 43 44
21 43 40
23 43 20
26 43 38
27 43 23
30 43 14
31 43 29
32 43 45
33 43 2
36 43 32
37 43 8
40 43 13
41 43 3
42 43 31
44 43 47
45 43 27
46 43 18
49 43 48
1 44 32
5 44 19
10 44 35
15 44 46
17 44 22
18 44 2
20 44 21
21 44 49
27 44 13
28 44 36
29 44 9
30 44 42
31 44 17
32 44 47
33 44 8
35 44 38
36 44 10
37 44 11
38 44 37
40 44 27
41 44 28
43 44 26
45 44 30
47 44 45
48 44 5
1 45 3
2 45 9
5 45 15
9 45 46
10 45 44
11 45 39
15 45 33
16 45 34
17 45 16
18 45 27
21 45 19
23 45 45
25 45 24
26 45 32
27 45 8
28 45 48
31 45 13
33 45 30
35 45 43
40 45 2
41 45 5
42 45 23
43 45 28
46 45 42
49 45 4
1 46 8
2 46 34
5 46 18
6 46 11
9 46 27
14 46 38
16 46 37
18 46 13
19 46 20
20 46 23
24 46 2
26 46 46
27 46 16
28 46 28
29 46 6
30 46 3
32 46 32
33 46 31
38 46 49
41 46 7
42 46 24
43 46 17
44 46 9
45 46 10
49 46 43
1 47 47
2 47 27
3 47 13
6 47 2
8 47 22
9 47 33
11 47 49
12 47 42
14 47 5
16 47 45
17 47 31
18 47 14
19 47 43
21 47 18
27 47 3
28 47 15
30 47 40
31 47 20
32 47 26
34 47 34
35 47 28
37 47 46
38 47 1
40 47 17
43 47 24
46 47 37
2 48 42
4 48 33
5 48 10
6 48 7
7 48 14
8 48 18
10 48 17
11 48 19
12 48 48
15 48 3
16 48 29
17 48 39
18 48 35
19 48 32
21 48 41
23 48 11
26 48 26
28 48 30
32 48 44
33 48 25
36 48 20
38 48 21
41 48 6
42 48 9
43 48 22
44 48 46
46 48 40
49 48 31
1 49 22
2 49 21
3 49 45
4 49 17
7 49 28
9 49 37
11 49 25
13 49 10
14 49 2
16 49 8
17 49 5
18 49 47
21 49 36
22 49 1
24 49 33
28 49 41
29 49 35
33 49 18
35 49 16
38 49 12
39 49 4
40 49 30
42 49 26
43 49 39
44 49 3
45 49 15
46 49 44
47 49 13
49 49 49
