25
305
3 1 7
4 1 21
5 1 20
7 1 25
8 1 9
9 1 11
13 1 4
17 1 3
18 1 12
19 1 24
21 1 22
22 1 2
23 1 1
3 2 5
5 2 14
7 2 3
8 2 20
9 2 16
10 2 24
12 2 23
14 2 19
16 2 22
17 2 7
18 2 17
19 2 18
21 2 4
23 2 25
1 3 24
2 3 9
4 3 25
5 3 12
10 3 2
16 3 13
21 3 6
22 3 7
24 3 21
25 3 17
1 4 19
3 4 11
4 4 4
8 4 6
10 4 5
13 4 7
16 4 2
18 4 9
22 4 24
23 4 12
25 4 16
1 5 6
2 5 17
3 5 23
5 5 2
6 5 21
9 5 22
17 5 4
20 5 5
21 5 14
23 5 20
24 5 19
25 5 9
5 6 15
6 6 23
7 6 9
10 6 11
11 6 13
12 6 20
14 6 8
15 6 10
16 6 1
19 6 25
20 6 7
21 6 19
1 7 22
2 7 25
6 7 13
9 7 3
10 7 7
11 7 5
12 7 6
13 7 21
14 7 4
15 7 11
16 7 15
17 7 23
20 7 8
24 7 24
25 7 14
1 8 13
2 8 16
4 8 14
12 8 15
13 8 3
14 8 22
22 8 8
24 8 25
25 8 10
1 9 7
2 9 11
5 9 3
7 9 2
9 9 4
12 9 9
13 9 1
14 9 17
17 9 18
19 9 12
21 9 13
24 9 6
25 9 5
2 10 23
3 10 9
4 10 19
6 10 8
7 10 14
10 10 6
13 10 25
16 10 5
19 10 16
20 10 13
22 10 17
23 10 7
24 10 22
6 11 16
7 11 19
11 11 23
12 11 13
13 11 9
14 11 1
15 11 4
19 11 6
20 11 2
2 12 21
6 12 20
7 12 12
8 12 25
9 12 14
11 12 10
13 12 8
15 12 7
17 12 24
18 12 15
19 12 3
20 12 23
24 12 2
1 13 23
4 13 12
7 13 11
8 13 2
9 13 9
10 13 21
11 13 24
12 13 16
13 13 5
14 13 15
15 13 3
16 13 4
17 13 22
18 13 13
19 13 1
22 13 19
25 13 25
2 14 19
6 14 15
7 14 24
8 14 4
9 14 13
11 14 2
13 14 20
15 14 12
17 14 14
18 14 8
19 14 7
20 14 18
24 14 3
6 15 6
7 15 1
11 15 17
12 15 14
13 15 11
14 15 21
15 15 25
19 15 19
20 15 10
2 16 7
3 16 8
4 16 20
6 16 9
7 16 4
10 16 14
13 16 12
16 16 6
19 16 5
20 16 3
22 16 16
23 16 24
24 16 13
1 17 21
2 17 1
5 17 6
7 17 23
9 17 20
12 17 11
13 17 19
14 17 14
17 17 12
19 17 8
21 17 2
24 17 5
25 17 7
1 18 3
2 18 4
4 18 9
12 18 2
13 18 17
14 18 7
22 18 20
24 18 1
25 18 15
1 19 12
2 19 14
6 19 22
9 19 18
10 19 8
11 19 20
12 19 3
13 19 13
14 19 24
15 19 5
16 19 17
17 19 9
20 19 1
24 19 11
25 19 6
5 20 25
6 20 24
7 20 7
10 20 1
11 20 6
12 20 4
14 20 23
15 20 8
16 20 19
19 20 20
20 20 16
21 20 9
1 21 18
2 21 12
3 21 19
5 21 21
6 21 17
9 21 15
17 21 2
20 21 25
21 21 10
23 21 16
24 21 7
25 21 11
1 22 8
3 22 13
4 22 3
8 22 23
10 22 25
13 22 2
16 22 7
18 22 4
22 22 12
23 22 17
25 22 22
1 23 14
2 23 22
4 23 16
5 23 9
10 23 4
16 23 3
21 23 21
22 23 6
24 23 20
25 23 8
3 24 2
5 24 11
7 24 20
8 24 12
9 24 24
10 24 9
12 24 1
14 24 13
16 24 16
17 24 8
18 24 5
19 24 21
21 24 23
23 24 18
3 25 1
4 25 7
5 25 5
7 25 22
8 25 11
9 25 8
13 25 15
17 25 6
18 25 23
19 25 10
21 25 24
22 25 4
23 25 19
