100
6000
1 1 89
2 1 93
3 1 30
4 1 41
8 1 82
10 1 80
11 1 63
12 1 28
15 1 6
17 1 4
18 1 55
19 1 14
20 1 90
22 1 9
23 1 34
25 1 95
26 1 7
28 1 79
29 1 19
30 1 32
31 1 64
32 1 15
34 1 61
35 1 98
37 1 11
40 1 23
42 1 17
43 1 97
44 1 84
45 1 22
46 1 70
47 1 27
48 1 33
49 1 16
51 1 49
52 1 92
53 1 86
54 1 40
55 1 96
56 1 60
57 1 58
60 1 57
61 1 91
65 1 25
66 1 29
67 1 54
68 1 53
69 1 1
70 1 69
74 1 3
75 1 46
78 1 45
83 1 44
84 1 21
85 1 100
86 1 66
88 1 56
89 1 37
90 1 52
91 1 31
97 1 59
98 1 72
3 2 3
9 2 28
11 2 71
13 2 19
14 2 89
18 2 46
20 2 95
22 2 87
28 2 58
29 2 86
34 2 70
35 2 60
37 2 72
38 2 73
40 2 77
41 2 50
42 2 66
44 2 24
45 2 26
49 2 4
50 2 61
51 2 41
52 2 27
53 2 37
55 2 9
56 2 33
57 2 53
58 2 44
64 2 67
66 2 20
67 2 65
69 2 82
70 2 6
72 2 69
77 2 8
80 2 83
81 2 84
82 2 99
83 2 43
84 2 49
85 2 13
86 2 74
87 2 23
91 2 21
92 2 48
94 2 56
95 2 97
96 2 94
97 2 81
99 2 15
100 2 36
1 3 59
2 3 8
3 3 63
4 3 65
6 3 52
7 3 55
10 3 1
13 3 69
14 3 60
15 3 11
17 3 83
18 3 5
22 3 16
23 3 71
24 3 64
25 3 2
26 3 29
27 3 21
28 3 62
30 3 6
31 3 57
33 3 38
34 3 66
39 3 12
41 3 95
42 3 99
43 3 80
44 3 31
46 3 48
47 3 15
49 3 7
51 3 56
52 3 30
53 3 75
54 3 77
56 3 14
58 3 4
59 3 43
60 3 35
61 3 73
62 3 93
63 3 13
64 3 90
65 3 86
66 3 96
67 3 37
70 3 76
72 3 97
74 3 49
75 3 58
76 3 81
78 3 33
80 3 20
81 3 9
82 3 88
85 3 39
86 3 25
87 3 87
88 3 19
90 3 54
91 3 18
94 3 67
95 3 3
98 3 34
99 3 50
100 3 91
1 4 37
6 4 60
8 4 25
11 4 80
12 4 12
18 4 99
21 4 83
22 4 61
23 4 55
24 4 53
26 4 68
27 4 76
28 4 89
30 4 35
31 4 67
33 4 82
34 4 50
35 4 1
36 4 17
37 4 71
42 4 36
43 4 54
44 4 74
46 4 10
47 4 56
48 4 28
50 4 6
52 4 51
53 4 19
54 4 2
57 4 65
58 4 93
59 4 31
60 4 8
62 4 32
63 4 84
65 4 94
66 4 44
71 4 96
74 4 34
77 4 41
80 4 64
81 4 16
83 4 46
86 4 70
90 4 97
91 4 69
93 4 66
94 4 14
95 4 95
96 4 90
97 4 4
98 4 87
1 5 49
2 5 27
5 5 36
6 5 26
7 5 56
8 5 15
9 5 84
11 5 58
12 5 29
13 5 30
16 5 21
17 5 50
19 5 40
23 5 46
25 5 17
26 5 42
27 5 100
28 5 51
30 5 13
31 5 14
33 5 94
34 5 92
36 5 78
37 5 63
39 5 95
40 5 87
42 5 73
44 5 47
45 5 5
47 5 55
48 5 41
49 5 57
51 5 67
52 5 85
53 5 74
54 5 34
55 5 88
56 5 72
57 5 54
58 5 97
60 5 98
61 5 71
62 5 18
65 5 59
66 5 68
68 5 3
69 5 33
73 5 9
74 5 52
77 5 91
79 5 82
81 5 62
84 5 10
85 5 7
86 5 12
87 5 20
89 5 32
90 5 93
91 5 79
92 5 39
93 5 19
94 5 64
95 5 25
96 5 8
97 5 38
99 5 11
100 5 35
1 6 73
7 6 86
8 6 71
13 6 27
16 6 10
20 6 7
22 6 50
25 6 81
26 6 8
27 6 65
29 6 14
31 6 59
32 6 41
34 6 18
35 6 47
36 6 84
38 6 85
41 6 34
42 6 43
45 6 96
48 6 75
51 6 78
52 6 82
54 6 87
55 6 79
57 6 76
58 6 32
60 6 38
63 6 22
66 6 98
68 6 61
69 6 23
70 6 88
74 6 2
76 6 90
79 6 70
80 6 35
81 6 42
82 6 80
85 6 92
87 6 15
89 6 4
90 6 64
92 6 24
93 6 30
94 6 57
96 6 17
97 6 62
98 6 5
99 6 9
100 6 29
1 7 88
2 7 6
3 7 96
4 7 22
5 7 9
10 7 33
13 7 73
16 7 26
18 7 93
20 7 24
22 7 15
25 7 18
26 7 25
27 7 31
28 7 54
30 7 59
33 7 76
35 7 45
37 7 62
39 7 68
40 7 91
41 7 82
42 7 38
44 7 87
45 7 60
46 7 11
47 7 2
48 7 72
49 7 46
50 7 29
51 7 7
52 7 23
53 7 16
56 7 21
57 7 55
59 7 70
60 7 20
61 7 74
62 7 40
63 7 27
64 7 10
67 7 75
68 7 47
70 7 43
71 7 98
72 7 48
75 7 77
76 7 63
77 7 14
78 7 17
81 7 58
83 7 5
84 7 81
86 7 69
88 7 50
89 7 78
90 7 85
92 7 100
96 7 92
97 7 53
98 7 41
1 8 18
2 8 14
3 8 67
7 8 69
8 8 87
9 8 45
10 8 47
11 8 35
12 8 62
13 8 61
15 8 33
17 8 96
18 8 8
21 8 40
22 8 41
23 8 98
24 8 94
25 8 52
29 8 4
31 8 75
32 8 93
33 8 43
36 8 6
37 8 46
38 8 29
40 8 9
41 8 78
42 8 49
45 8 37
47 8 3
48 8 30
50 8 76
51 8 73
52 8 90
53 8 91
54 8 28
55 8 83
58 8 89
59 8 22
60 8 48
61 8 56
62 8 72
64 8 17
65 8 95
66 8 100
69 8 97
70 8 64
71 8 68
73 8 27
74 8 99
75 8 92
76 8 11
80 8 31
82 8 55
84 8 71
85 8 57
87 8 79
88 8 53
90 8 34
93 8 32
94 8 7
96 8 82
98 8 88
99 8 12
100 8 42
2 9 16
4 9 24
5 9 23
6 9 92
7 9 75
10 9 62
11 9 18
13 9 64
15 9 76
18 9 53
19 9 41
21 9 37
25 9 43
26 9 91
27 9 22
29 9 60
30 9 97
32 9 58
33 9 4
35 9 40
36 9 20
37 9 35
39 9 5
40 9 26
42 9 86
44 9 21
45 9 59
49 9 25
50 9 12
51 9 46
53 9 1
54 9 69
55 9 3
57 9 39
58 9 47
60 9 84
62 9 15
64 9 52
65 9 81
66 9 89
67 9 7
69 9 85
71 9 65
72 9 56
73 9 32
75 9 80
77 9 93
78 9 87
79 9 94
80 9 88
81 9 14
83 9 11
84 9 63
86 9 83
88 9 67
89 9 45
91 9 73
92 9 44
93 9 99
94 9 10
96 9 55
97 9 74
100 9 96
1 10 95
2 10 44
3 10 100
5 10 4
7 10 81
9 10 7
10 10 53
11 10 32
13 10 16
19 10 68
21 10 11
23 10 26
24 10 70
25 10 82
26 10 23
27 10 33
29 10 38
30 10 27
31 10 10
33 10 24
35 10 51
37 10 36
38 10 56
40 10 65
41 10 69
42 10 20
44 10 1
47 10 93
48 10 79
49 10 83
50 10 92
51 10 52
52 10 17
53 10 66
54 10 12
56 10 15
60 10 63
62 10 57
65 10 58
66 10 50
67 10 19
73 10 30
74 10 40
75 10 86
79 10 72
80 10 43
81 10 35
82 10 3
83 10 96
84 10 61
85 10 18
88 10 91
89 10 2
91 10 76
92 10 22
95 10 37
98 10 75
99 10 98
1 11 38
2 11 97
3 11 7
8 11 86
9 11 95
12 11 53
13 11 37
14 11 33
16 11 85
17 11 56
18 11 52
19 11 49
20 11 88
21 11 5
22 11 12
23 11 17
24 11 35
26 11 13
27 11 34
29 11 66
30 11 98
31 11 93
33 11 9
35 11 28
39 11 29
40 11 57
43 11 94
44 11 15
46 11 55
47 11 19
49 11 73
50 11 77
51 11 44
53 11 69
54 11 30
57 11 64
59 11 8
60 11 83
61 11 58
62 11 22
63 11 47
65 11 48
66 11 81
70 11 11
72 11 51
74 11 84
75 11 82
76 11 74
80 11 91
81 11 89
86 11 40
87 11 50
88 11 25
89 11 63
90 11 21
91 11 92
93 11 24
96 11 27
98 11 59
99 11 6
100 11 90
1 12 69
5 12 90
6 12 3
7 12 35
8 12 94
9 12 40
10 12 100
11 12 67
12 12 74
14 12 16
16 12 86
18 12 22
19 12 48
21 12 41
23 12 56
24 12 24
25 12 45
26 12 4
27 12 88
28 12 23
29 12 50
30 12 53
32 12 37
34 12 97
36 12 51
37 12 47
38 12 42
39 12 81
41 12 1
42 12 70
43 12 5
45 12 39
46 12 8
47 12 91
48 12 2
52 12 87
53 12 58
54 12 11
55 12 52
56 12 93
57 12 43
58 12 62
60 12 31
64 12 76
65 12 84
66 12 57
67 12 96
68 12 34
69 12 77
70 12 73
71 12 55
72 12 12
73 12 66
74 12 78
75 12 38
82 12 68
84 12 13
85 12 75
86 12 14
88 12 60
89 12 28
90 12 36
96 12 26
97 12 29
100 12 89
2 13 22
4 13 93
6 13 54
8 13 65
10 13 34
12 13 13
13 13 60
16 13 46
17 13 20
18 13 64
19 13 39
20 13 32
23 13 48
26 13 1
28 13 94
30 13 52
31 13 79
32 13 50
33 13 95
34 13 33
45 13 44
51 13 45
52 13 14
53 13 84
54 13 51
55 13 2
57 13 3
58 13 10
62 13 38
65 13 23
66 13 62
67 13 67
68 13 4
69 13 72
70 13 30
71 13 31
74 13 87
75 13 99
78 13 21
82 13 41
85 13 19
89 13 76
90 13 86
91 13 35
94 13 80
95 13 49
96 13 63
98 13 98
99 13 17
100 13 9
1 14 16
2 14 29
3 14 72
4 14 28
7 14 70
8 14 88
11 14 91
13 14 83
16 14 2
20 14 8
22 14 10
26 14 62
28 14 81
31 14 65
35 14 3
37 14 92
40 14 7
42 14 45
44 14 30
45 14 67
49 14 22
50 14 52
53 14 15
60 14 34
61 14 5
64 14 9
65 14 89
66 14 51
68 14 66
69 14 63
72 14 32
74 14 98
75 14 94
78 14 40
80 14 96
81 14 100
83 14 26
86 14 39
87 14 44
88 14 24
92 14 99
94 14 86
95 14 60
97 14 97
99 14 36
100 14 95
1 15 99
2 15 71
4 15 51
7 15 15
8 15 96
10 15 8
12 15 11
13 15 14
14 15 29
16 15 44
20 15 21
21 15 20
22 15 68
25 15 54
27 15 7
28 15 90
33 15 6
35 15 67
36 15 49
37 15 80
38 15 41
39 15 45
40 15 64
41 15 83
42 15 4
43 15 69
44 15 12
50 15 95
51 15 16
53 15 47
54 15 91
55 15 89
56 15 42
59 15 35
60 15 79
62 15 82
63 15 86
64 15 3
67 15 85
68 15 75
69 15 10
70 15 46
71 15 73
73 15 53
74 15 23
75 15 97
76 15 28
79 15 39
82 15 34
85 15 62
86 15 52
87 15 98
89 15 22
90 15 58
94 15 33
95 15 94
97 15 57
99 15 72
100 15 84
2 16 67
3 16 56
4 16 2
6 16 66
7 16 23
8 16 76
9 16 82
13 16 18
14 16 92
15 16 77
16 16 25
18 16 36
19 16 47
20 16 3
21 16 33
22 16 73
23 16 96
24 16 21
25 16 86
29 16 29
30 16 9
31 16 20
32 16 13
33 16 26
36 16 55
37 16 53
38 16 46
39 16 43
40 16 4
41 16 59
42 16 75
43 16 74
45 16 68
46 16 34
47 16 87
48 16 37
49 16 63
50 16 28
51 16 98
52 16 41
53 16 60
55 16 72
56 16 17
57 16 95
61 16 12
62 16 42
63 16 49
64 16 97
65 16 52
67 16 80
68 16 91
71 16 27
72 16 58
73 16 10
74 16 24
75 16 30
76 16 50
77 16 11
78 16 90
79 16 54
80 16 93
81 16 69
83 16 51
84 16 15
87 16 71
88 16 99
89 16 84
95 16 61
96 16 88
97 16 85
99 16 39
100 16 44
3 17 33
4 17 44
5 17 80
6 17 59
7 17 61
8 17 60
10 17 20
12 17 94
13 17 96
14 17 15
15 17 98
17 17 34
18 17 6
19 17 66
21 17 3
22 17 22
23 17 74
25 17 19
27 17 77
29 17 30
33 17 58
36 17 70
37 17 90
41 17 18
43 17 46
45 17 29
46 17 49
50 17 85
51 17 27
52 17 40
54 17 55
55 17 36
57 17 97
58 17 50
60 17 99
62 17 8
63 17 87
64 17 2
65 17 37
66 17 54
68 17 16
69 17 41
72 17 88
75 17 76
77 17 52
80 17 81
81 17 32
82 17 82
83 17 42
85 17 1
86 17 93
88 17 31
90 17 10
91 17 68
93 17 13
94 17 28
96 17 78
98 17 79
99 17 45
1 18 4
2 18 55
4 18 13
6 18 98
10 18 37
11 18 93
12 18 17
14 18 97
15 18 58
16 18 89
19 18 38
20 18 79
21 18 80
22 18 91
23 18 76
24 18 67
25 18 69
26 18 49
27 18 42
28 18 61
29 18 72
33 18 84
34 18 94
35 18 54
36 18 100
38 18 44
39 18 66
41 18 33
46 18 36
47 18 43
49 18 81
52 18 59
53 18 73
54 18 32
55 18 82
56 18 88
60 18 19
61 18 99
64 18 60
66 18 92
67 18 31
69 18 39
70 18 83
73 18 64
74 18 95
76 18 2
77 18 68
78 18 14
80 18 63
82 18 9
83 18 48
84 18 74
85 18 30
89 18 35
90 18 45
95 18 47
97 18 22
98 18 52
99 18 8
1 19 31
4 19 78
8 19 10
9 19 64
10 19 85
11 19 61
13 19 42
14 19 75
15 19 40
16 19 54
17 19 45
22 19 11
23 19 27
24 19 63
28 19 84
29 19 8
30 19 51
31 19 83
32 19 21
33 19 52
35 19 77
36 19 36
37 19 14
40 19 34
41 19 76
45 19 82
46 19 62
49 19 93
51 19 53
54 19 90
55 19 70
57 19 92
61 19 79
64 19 15
65 19 98
66 19 33
67 19 28
70 19 100
72 19 9
75 19 1
78 19 13
80 19 59
81 19 2
84 19 17
86 19 20
87 19 12
88 19 73
90 19 6
92 19 38
93 19 81
97 19 23
100 19 19
1 20 27
2 20 42
3 20 41
5 20 47
6 20 30
7 20 14
10 20 77
11 20 72
12 20 9
13 20 100
14 20 90
15 20 4
18 20 50
19 20 28
22 20 32
23 20 58
24 20 92
25 20 39
27 20 38
28 20 57
30 20 75
32 20 48
35 20 91
36 20 23
39 20 15
40 20 86
42 20 80
44 20 60
45 20 20
46 20 51
47 20 31
48 20 16
49 20 17
51 20 96
53 20 25
56 20 66
57 20 26
58 20 63
60 20 5
61 20 6
64 20 43
65 20 70
66 20 24
67 20 74
68 20 55
69 20 88
70 20 68
75 20 83
76 20 35
78 20 62
79 20 3
81 20 97
83 20 61
84 20 11
85 20 65
86 20 56
87 20 81
88 20 29
89 20 95
91 20 10
92 20 53
93 20 73
94 20 46
95 20 40
96 20 76
97 20 37
99 20 82
100 20 87
1 21 47
2 21 17
4 21 89
5 21 29
7 21 57
8 21 7
10 21 14
11 21 51
13 21 95
15 21 81
16 21 52
17 21 13
18 21 74
20 21 48
23 21 35
24 21 18
25 21 41
28 21 39
30 21 3
31 21 63
32 21 24
34 21 8
35 21 19
36 21 54
37 21 98
39 21 72
40 21 68
41 21 23
44 21 2
45 21 15
48 21 10
50 21 30
51 21 26
54 21 71
56 21 73
58 21 20
59 21 75
61 21 32
62 21 1
63 21 88
64 21 12
65 21 56
66 21 64
67 21 46
69 21 9
71 21 58
72 21 70
74 21 79
77 21 27
78 21 82
80 21 55
81 21 40
82 21 60
83 21 100
84 21 83
85 21 5
86 21 97
87 21 59
89 21 65
90 21 91
92 21 66
94 21 50
95 21 4
98 21 78
99 21 85
100 21 92
2 22 87
6 22 63
9 22 54
10 22 79
12 22 10
13 22 94
16 22 76
17 22 64
18 22 3
19 22 21
22 22 26
23 22 40
24 22 5
26 22 92
27 22 56
28 22 30
29 22 23
32 22 97
33 22 61
34 22 44
35 22 18
36 22 32
39 22 14
40 22 2
41 22 22
42 22 25
44 22 80
45 22 43
46 22 75
50 22 99
51 22 58
52 22 16
53 22 48
54 22 86
56 22 49
58 22 74
62 22 45
65 22 36
66 22 82
67 22 13
69 22 67
70 22 51
73 22 68
77 22 31
78 22 46
79 22 42
80 22 89
81 22 88
83 22 66
84 22 12
85 22 17
86 22 28
89 22 11
91 22 41
92 22 83
93 22 69
94 22 77
95 22 59
96 22 95
98 22 53
100 22 38
3 23 24
5 23 85
7 23 4
8 23 73
9 23 46
10 23 28
11 23 2
14 23 98
15 23 45
16 23 39
17 23 16
25 23 22
26 23 95
27 23 87
28 23 69
29 23 54
30 23 68
31 23 15
32 23 23
34 23 9
35 23 55
36 23 31
37 23 66
38 23 80
40 23 67
41 23 94
42 23 90
43 23 3
44 23 89
46 23 18
50 23 11
51 23 84
52 23 83
54 23 78
55 23 38
57 23 62
58 23 43
60 23 64
62 23 44
63 23 81
66 23 27
67 23 70
69 23 61
70 23 37
72 23 75
73 23 93
74 23 96
75 23 74
76 23 65
79 23 57
83 23 99
86 23 26
87 23 47
88 23 63
89 23 10
90 23 25
91 23 49
92 23 20
93 23 56
95 23 13
97 23 48
98 23 30
1 24 33
4 24 6
5 24 82
7 24 72
10 24 61
11 24 68
13 24 34
14 24 25
15 24 22
16 24 36
18 24 32
21 24 89
22 24 17
23 24 51
24 24 50
26 24 75
27 24 9
28 24 66
30 24 43
32 24 56
33 24 49
34 24 84
35 24 26
36 24 5
37 24 88
39 24 40
41 24 73
44 24 8
45 24 38
46 24 19
47 24 83
48 24 97
49 24 12
50 24 48
52 24 29
53 24 76
57 24 67
58 24 28
60 24 24
61 24 7
62 24 65
64 24 78
65 24 16
69 24 94
70 24 58
71 24 91
73 24 11
74 24 39
76 24 20
77 24 21
78 24 37
79 24 45
80 24 77
82 24 4
85 24 64
86 24 96
87 24 57
89 24 31
90 24 44
91 24 74
92 24 27
93 24 55
94 24 52
96 24 15
97 24 35
100 24 80
3 25 40
5 25 25
8 25 80
9 25 98
10 25 97
12 25 87
13 25 5
15 25 96
17 25 89
18 25 59
19 25 86
23 25 38
25 25 62
26 25 78
27 25 83
28 25 10
29 25 13
30 25 24
31 25 4
32 25 95
33 25 12
34 25 79
37 25 41
38 25 82
40 25 71
41 25 63
44 25 16
45 25 70
47 25 66
48 25 17
49 25 31
50 25 57
51 25 21
52 25 39
53 25 11
54 25 100
56 25 53
57 25 93
58 25 54
59 25 50
60 25 2
62 25 28
63 25 99
65 25 43
66 25 84
68 25 85
69 25 47
70 25 42
71 25 76
72 25 64
73 25 33
77 25 44
81 25 75
84 25 94
87 25 36
89 25 58
94 25 60
95 25 23
96 25 1
98 25 90
99 25 19
100 25 73
1 26 51
4 26 5
5 26 2
8 26 67
9 26 16
13 26 57
14 26 63
19 26 43
20 26 1
21 26 77
22 26 55
24 26 88
25 26 48
28 26 44
29 26 61
32 26 22
34 26 37
35 26 42
36 26 96
37 26 6
39 26 91
40 26 94
42 26 79
43 26 36
44 26 14
46 26 47
48 26 29
49 26 40
50 26 9
52 26 34
53 26 99
54 26 82
56 26 95
59 26 32
60 26 60
64 26 24
65 26 90
67 26 21
69 26 17
70 26 71
71 26 41
72 26 59
74 26 92
75 26 56
81 26 70
82 26 15
83 26 38
85 26 35
86 26 49
87 26 93
88 26 27
92 26 65
93 26 62
94 26 100
96 26 84
99 26 68
1 27 76
2 27 60
3 27 36
4 27 94
6 27 68
12 27 99
13 27 82
14 27 50
17 27 15
18 27 58
20 27 66
21 27 19
25 27 14
26 27 21
27 27 73
28 27 12
29 27 85
31 27 78
32 27 62
33 27 16
34 27 28
35 27 33
37 27 3
39 27 27
44 27 13
45 27 61
46 27 96
47 27 100
48 27 65
49 27 72
51 27 77
54 27 18
55 27 45
56 27 23
63 27 26
65 27 22
69 27 87
70 27 25
71 27 5
73 27 52
74 27 32
75 27 34
78 27 69
80 27 80
81 27 81
82 27 48
83 27 56
88 27 92
89 27 1
92 27 54
93 27 97
96 27 75
97 27 44
98 27 91
99 27 46
2 28 96
3 28 23
4 28 95
5 28 30
8 28 27
9 28 42
10 28 12
11 28 75
13 28 20
14 28 70
15 28 80
16 28 37
17 28 71
19 28 77
20 28 19
21 28 46
23 28 94
25 28 97
27 28 60
30 28 36
31 28 43
32 28 69
33 28 29
34 28 85
36 28 99
39 28 10
42 28 1
44 28 44
45 28 86
47 28 41
49 28 91
53 28 72
55 28 92
57 28 13
58 28 8
59 28 15
61 28 31
62 28 100
63 28 62
67 28 79
68 28 83
69 28 73
70 28 54
71 28 66
73 28 49
74 28 17
76 28 6
78 28 26
81 28 39
83 28 89
84 28 78
85 28 76
86 28 67
87 28 84
88 28 98
89 28 90
91 28 11
92 28 87
93 28 3
95 28 28
96 28 24
97 28 25
100 28 61
2 29 83
5 29 37
6 29 58
7 29 66
8 29 75
9 29 99
10 29 64
11 29 79
13 29 23
14 29 12
16 29 11
20 29 38
23 29 72
24 29 100
26 29 6
27 29 80
28 29 4
29 29 28
30 29 70
31 29 1
33 29 57
35 29 81
37 29 60
39 29 65
40 29 92
41 29 71
42 29 35
43 29 76
44 29 55
45 29 51
46 29 56
47 29 54
48 29 42
54 29 19
55 29 47
56 29 7
57 29 52
58 29 88
60 29 27
62 29 77
64 29 30
67 29 2
68 29 96
69 29 53
70 29 98
71 29 16
72 29 22
73 29 14
74 29 13
76 29 94
77 29 3
81 29 20
82 29 85
84 29 50
85 29 45
88 29 33
90 29 9
91 29 5
92 29 67
96 29 43
97 29 82
98 29 18
99 29 40
1 30 71
3 30 70
4 30 43
6 30 10
7 30 88
8 30 35
11 30 8
12 30 83
13 30 67
15 30 78
19 30 44
20 30 14
21 30 58
22 30 2
23 30 32
24 30 15
25 30 34
26 30 81
27 30 52
29 30 63
30 30 82
31 30 36
32 30 89
33 30 64
34 30 87
35 30 93
36 30 39
38 30 38
41 30 28
44 30 20
45 30 27
46 30 95
48 30 6
49 30 77
50 30 68
52 30 25
53 30 59
55 30 90
57 30 37
59 30 69
60 30 41
61 30 80
62 30 49
65 30 40
66 30 55
67 30 97
69 30 75
70 30 60
72 30 24
74 30 29
75 30 84
81 30 19
82 30 61
83 30 54
84 30 23
87 30 53
88 30 62
91 30 17
93 30 57
94 30 42
95 30 7
97 30 96
98 30 47
99 30 86
3 31 29
4 31 100
5 31 61
6 31 81
9 31 27
10 31 35
11 31 14
12 31 42
13 31 74
14 31 82
15 31 30
16 31 5
17 31 91
21 31 90
24 31 11
25 31 79
26 31 44
28 31 96
29 31 99
31 31 17
32 31 98
33 31 77
35 31 49
36 31 60
39 31 71
40 31 41
42 31 24
43 31 78
44 31 33
46 31 22
47 31 36
48 31 67
50 31 37
51 31 59
52 31 86
53 31 38
55 31 39
56 31 63
57 31 57
61 31 43
62 31 56
63 31 68
67 31 18
68 31 73
70 31 20
72 31 21
73 31 23
74 31 9
76 31 46
78 31 28
79 31 76
80 31 66
81 31 25
82 31 58
83 31 52
85 31 84
86 31 4
88 31 34
89 31 47
90 31 69
96 31 72
97 31 12
99 31 2
100 31 3
5 32 92
6 32 23
7 32 6
8 32 14
9 32 4
10 32 16
11 32 7
12 32 24
13 32 36
16 32 35
17 32 40
18 32 85
19 32 98
20 32 11
21 32 45
22 32 29
24 32 60
25 32 25
27 32 12
31 32 55
32 32 100
33 32 48
34 32 47
35 32 21
37 32 5
39 32 89
40 32 39
42 32 32
44 32 91
45 32 64
47 32 18
48 32 13
50 32 15
53 32 53
54 32 74
55 32 10
56 32 1
58 32 72
59 32 73
60 32 69
61 32 2
62 32 58
63 32 57
65 32 50
66 32 3
67 32 71
68 32 17
71 32 81
74 32 93
76 32 68
77 32 30
78 32 65
81 32 67
83 32 62
84 32 31
85 32 49
87 32 37
88 32 96
89 32 99
90 32 94
91 32 20
93 32 44
95 32 56
96 32 97
97 32 90
99 32 95
1 33 74
4 33 80
6 33 62
8 33 40
10 33 52
11 33 89
12 33 6
14 33 18
16 33 88
17 33 55
18 33 13
19 33 1
21 33 92
23 33 41
24 33 82
25 33 10
26 33 3
27 33 95
29 33 91
30 33 2
31 33 42
32 33 63
35 33 86
37 33 37
38 33 23
40 33 72
41 33 16
42 33 77
43 33 29
44 33 79
45 33 66
48 33 39
51 33 25
52 33 60
53 33 100
54 33 17
56 33 84
57 33 21
58 33 90
59 33 26
62 33 24
63 33 69
65 33 11
66 33 49
68 33 67
70 33 78
73 33 51
74 33 54
76 33 96
77 33 32
78 33 61
81 33 87
87 33 7
88 33 28
90 33 81
91 33 27
93 33 64
94 33 83
96 33 33
97 33 65
99 33 73
100 33 99
3 34 38
5 34 54
9 34 56
10 34 2
11 34 94
12 34 68
14 34 27
15 34 29
16 34 45
18 34 83
19 34 59
21 34 34
23 34 16
24 34 46
27 34 74
28 34 37
29 34 73
30 34 64
32 34 99
36 34 75
38 34 8
39 34 92
40 34 62
42 34 21
43 34 30
44 34 53
46 34 89
49 34 80
50 34 88
51 34 15
52 34 20
53 34 31
55 34 67
56 34 44
57 34 36
58 34 70
59 34 48
60 34 97
61 34 10
62 34 7
63 34 41
64 34 33
65 34 19
66 34 39
68 34 63
70 34 86
72 34 84
73 34 47
74 34 58
75 34 12
76 34 85
78 34 43
79 34 69
81 34 26
84 34 82
88 34 55
89 34 50
90 34 1
92 34 51
93 34 11
95 34 87
96 34 25
97 34 71
100 34 49
1 35 20
2 35 31
3 35 53
4 35 60
5 35 72
7 35 90
8 35 28
9 35 57
11 35 33
12 35 71
13 35 79
14 35 32
15 35 61
18 35 75
19 35 93
21 35 23
23 35 19
24 35 49
25 35 88
28 35 70
30 35 47
31 35 29
33 35 74
35 35 96
36 35 94
38 35 76
39 35 25
41 35 86
42 35 50
43 35 51
45 35 97
46 35 46
47 35 92
48 35 59
49 35 44
54 35 81
55 35 43
58 35 65
59 35 56
60 35 22
61 35 85
62 35 83
64 35 95
65 35 13
66 35 99
67 35 26
69 35 55
71 35 14
72 35 91
73 35 80
75 35 62
76 35 8
77 35 35
78 35 36
81 35 12
82 35 98
84 35 54
85 35 78
86 35 2
87 35 66
88 35 39
89 35 21
90 35 48
92 35 9
96 35 7
97 35 89
99 35 77
1 36 97
2 36 78
3 36 69
4 36 25
8 36 33
11 36 22
13 36 65
15 36 17
16 36 47
18 36 12
20 36 20
23 36 50
27 36 8
32 36 1
33 36 93
34 36 15
36 36 53
37 36 24
38 36 59
39 36 82
41 36 14
42 36 7
44 36 94
46 36 6
47 36 58
49 36 55
50 36 75
51 36 91
53 36 88
54 36 4
58 36 98
60 36 66
61 36 70
63 36 92
65 36 96
66 36 30
68 36 77
69 36 38
71 36 26
72 36 39
78 36 74
79 36 100
80 36 90
81 36 80
82 36 10
83 36 76
84 36 51
86 36 3
92 36 35
95 36 52
97 36 79
99 36 29
1 37 50
3 37 94
4 37 26
5 37 41
7 37 79
9 37 75
10 37 11
14 37 43
15 37 57
16 37 31
17 37 60
18 37 76
20 37 25
21 37 65
22 37 14
23 37 28
24 37 71
25 37 98
28 37 72
31 37 6
32 37 38
33 37 97
36 37 68
37 37 30
38 37 88
39 37 18
41 37 12
43 37 96
44 37 62
45 37 49
47 37 20
48 37 23
50 37 5
52 37 95
55 37 85
58 37 35
60 37 54
62 37 9
63 37 37
64 37 32
65 37 4
69 37 34
70 37 16
72 37 89
75 37 63
77 37 92
78 37 59
80 37 24
81 37 83
83 37 19
86 37 61
87 37 46
88 37 8
91 37 22
92 37 74
93 37 36
95 37 15
96 37 58
98 37 13
99 37 69
1 38 64
2 38 86
3 38 84
4 38 36
5 38 68
8 38 66
10 38 39
11 38 48
12 38 3
14 38 21
16 38 73
17 38 100
18 38 16
20 38 41
22 38 85
23 38 89
25 38 77
26 38 38
27 38 32
29 38 6
30 38 5
31 38 33
32 38 2
33 38 90
34 38 26
36 38 9
37 38 51
38 38 69
42 38 61
44 38 28
45 38 10
47 38 63
48 38 87
49 38 60
51 38 83
52 38 8
54 38 80
57 38 50
60 38 76
61 38 23
62 38 79
63 38 12
66 38 1
67 38 72
70 38 97
72 38 94
73 38 40
75 38 27
76 38 4
77 38 37
80 38 17
81 38 74
84 38 22
85 38 95
87 38 30
88 38 13
89 38 71
91 38 43
92 38 75
93 38 14
95 38 70
96 38 42
97 38 47
98 38 46
99 38 96
3 39 55
4 39 42
5 39 73
6 39 51
7 39 22
9 39 15
10 39 91
13 39 90
14 39 95
15 39 10
17 39 38
18 39 23
19 39 52
20 39 97
21 39 7
26 39 63
27 39 62
28 39 9
29 39 1
30 39 21
32 39 64
33 39 85
34 39 35
35 39 50
36 39 81
37 39 83
39 39 70
41 39 26
44 39 17
45 39 41
48 39 47
49 39 43
50 39 25
51 39 75
53 39 93
54 39 58
55 39 12
56 39 13
57 39 99
58 39 61
60 39 46
62 39 98
64 39 27
66 39 76
68 39 28
70 39 66
71 39 33
72 39 49
73 39 57
74 39 71
75 39 48
77 39 87
79 39 2
80 39 44
83 39 79
84 39 45
85 39 29
86 39 100
87 39 11
88 39 40
89 39 36
90 39 20
91 39 16
92 39 92
93 39 78
95 39 5
97 39 30
98 39 68
100 39 88
1 40 43
4 40 49
5 40 3
9 40 59
11 40 54
14 40 99
15 40 67
18 40 37
20 40 39
22 40 51
23 40 66
24 40 76
26 40 69
27 40 86
29 40 22
31 40 95
32 40 11
34 40 57
35 40 31
37 40 28
38 40 79
40 40 56
41 40 48
43 40 27
45 40 83
47 40 4
49 40 98
51 40 2
53 40 55
55 40 33
61 40 47
62 40 61
66 40 8
67 40 87
68 40 46
69 40 84
70 40 21
73 40 18
75 40 60
76 40 10
77 40 50
78 40 16
80 40 6
83 40 97
84 40 68
85 40 53
89 40 17
92 40 85
93 40 26
94 40 38
95 40 32
96 40 80
98 40 81
99 40 100
100 40 82
1 41 52
2 41 23
3 41 48
5 41 28
6 41 80
7 41 39
8 41 45
9 41 34
12 41 25
13 41 13
14 41 66
16 41 98
17 41 24
18 41 91
21 41 38
24 41 41
25 41 90
26 41 86
28 41 74
30 41 14
31 41 44
34 41 20
36 41 56
39 41 77
40 41 10
42 41 15
43 41 47
44 41 37
45 41 94
47 41 97
48 41 82
49 41 5
51 41 85
55 41 40
57 41 83
58 41 51
59 41 11
62 41 2
63 41 60
64 41 81
65 41 1
67 41 59
69 41 49
70 41 27
71 41 72
73 41 75
74 41 64
75 41 61
76 41 16
77 41 84
81 41 93
84 41 18
85 41 69
86 41 46
90 41 63
91 41 50
92 41 7
93 41 22
94 41 73
96 41 96
98 41 29
99 41 78
100 41 12
2 42 75
3 42 83
4 42 11
9 42 96
10 42 24
11 42 21
13 42 44
15 42 63
18 42 18
21 42 25
23 42 9
24 42 97
25 42 15
26 42 17
27 42 26
29 42 94
31 42 22
33 42 99
35 42 34
36 42 74
38 42 93
39 42 76
40 42 30
41 42 62
42 42 78
43 42 79
45 42 1
46 42 13
47 42 51
49 42 10
51 42 54
52 42 73
53 42 32
54 42 57
56 42 31
58 42 64
59 42 28
60 42 37
61 42 45
63 42 33
64 42 98
66 42 7
67 42 88
68 42 90
69 42 5
70 42 48
71 42 71
73 42 67
75 42 89
77 42 69
79 42 6
81 42 53
82 42 42
83 42 84
86 42 23
87 42 2
88 42 38
90 42 92
92 42 80
96 42 61
97 42 72
99 42 55
100 42 100
3 43 57
8 43 61
10 43 43
11 43 4
12 43 37
15 43 71
19 43 32
22 43 64
25 43 49
27 43 69
28 43 56
29 43 31
32 43 72
33 43 73
34 43 52
35 43 36
36 43 46
37 43 12
38 43 84
39 43 54
41 43 39
42 43 60
45 43 7
47 43 35
49 43 3
52 43 97
54 43 42
56 43 79
58 43 41
59 43 95
60 43 29
61 43 17
62 43 26
63 43 58
64 43 80
65 43 10
66 43 74
67 43 100
69 43 68
70 43 62
72 43 40
75 43 96
76 43 33
80 43 14
81 43 30
82 43 66
83 43 87
84 43 77
85 43 94
86 43 55
87 43 86
89 43 59
91 43 88
93 43 51
94 43 27
95 43 45
96 43 85
97 43 83
98 43 16
99 43 65
100 43 67
1 44 30
2 44 15
3 44 2
4 44 33
6 44 14
7 44 59
9 44 32
10 44 49
11 44 41
13 44 80
14 44 11
15 44 56
17 44 57
18 44 42
19 44 3
21 44 18
22 44 37
24 44 36
25 44 47
26 44 43
29 44 48
31 44 16
33 44 7
37 44 61
39 44 50
40 44 83
41 44 4
43 44 24
44 44 23
47 44 75
48 44 98
49 44 67
50 44 89
51 44 63
53 44 70
54 44 39
55 44 100
57 44 60
59 44 53
67 44 95
69 44 93
70 44 40
71 44 46
74 44 88
76 44 76
77 44 66
79 44 38
80 44 58
81 44 6
83 44 22
85 44 91
86 44 72
89 44 20
90 44 71
91 44 87
93 44 54
94 44 74
95 44 62
96 44 81
97 44 77
98 44 35
8 45 18
9 45 77
10 45 88
11 45 28
12 45 20
13 45 92
14 45 67
15 45 87
16 45 14
17 45 17
18 45 31
19 45 45
20 45 52
21 45 1
24 45 29
25 45 63
26 45 71
27 45 61
28 45 85
30 45 99
31 45 66
32 45 4
34 45 68
35 45 65
38 45 49
40 45 13
42 45 58
44 45 41
47 45 64
48 45 8
51 45 89
52 45 94
54 45 23
56 45 59
59 45 24
60 45 82
62 45 96
65 45 83
66 45 69
68 45 39
69 45 42
70 45 22
72 45 30
74 45 50
76 45 60
77 45 47
79 45 81
80 45 79
81 45 33
82 45 70
83 45 98
85 45 25
87 45 75
90 45 57
92 45 86
93 45 90
96 45 46
97 45 76
1 46 100
3 46 16
4 46 53
5 46 99
6 46 31
10 46 76
11 46 60
14 46 94
15 46 79
16 46 65
17 46 90
18 46 9
20 46 12
22 46 80
23 46 4
26 46 77
27 46 57
28 46 8
30 46 89
31 46 87
32 46 91
33 46 55
36 46 19
37 46 23
38 46 67
39 46 41
42 46 29
45 46 25
46 46 21
49 46 69
50 46 26
55 46 34
58 46 78
62 46 37
63 46 20
64 46 44
65 46 61
66 46 43
67 46 32
68 46 64
69 46 15
70 46 75
71 46 45
72 46 28
73 46 1
74 46 10
75 46 54
78 46 18
79 46 93
80 46 13
81 46 51
83 46 36
84 46 47
85 46 88
86 46 35
87 46 68
91 46 59
92 46 58
93 46 5
94 46 82
96 46 49
97 46 52
98 46 48
2 47 50
3 47 60
4 47 98
6 47 29
7 47 3
8 47 8
9 47 44
10 47 36
11 47 88
12 47 55
15 47 16
17 47 7
18 47 95
19 47 78
20 47 26
21 47 6
22 47 54
25 47 24
29 47 59
30 47 58
31 47 31
33 47 33
34 47 96
37 47 40
38 47 57
40 47 25
42 47 52
43 47 81
46 47 66
48 47 74
50 47 87
51 47 90
53 47 10
54 47 93
55 47 18
56 47 76
57 47 20
60 47 49
61 47 67
62 47 51
63 47 11
64 47 53
66 47 12
68 47 41
70 47 4
71 47 94
73 47 35
74 47 63
75 47 85
77 47 17
79 47 65
82 47 79
83 47 39
84 47 80
85 47 89
86 47 37
87 47 14
90 47 100
91 47 38
92 47 19
94 47 91
95 47 30
98 47 84
99 47 99
1 48 78
6 48 12
7 48 84
8 48 85
9 48 35
12 48 58
16 48 75
17 48 74
20 48 96
23 48 39
24 48 45
28 48 68
29 48 44
30 48 100
31 48 9
32 48 80
33 48 17
34 48 14
37 48 79
38 48 94
39 48 38
40 48 89
41 48 30
42 48 2
45 48 76
48 48 40
50 48 86
51 48 61
52 48 48
53 48 71
55 48 7
56 48 36
57 48 15
58 48 67
60 48 47
61 48 21
62 48 73
64 48 92
65 48 29
66 48 66
67 48 50
69 48 25
70 48 23
73 48 91
74 48 19
77 48 83
82 48 49
83 48 81
86 48 90
88 48 5
89 48 16
91 48 13
92 48 31
94 48 20
95 48 26
96 48 69
97 48 11
98 48 64
99 48 43
4 49 62
8 49 22
9 49 90
10 49 72
11 49 83
13 49 59
15 49 93
18 49 48
19 49 34
20 49 81
21 49 50
22 49 92
23 49 84
24 49 79
25 49 65
26 49 73
29 49 3
31 49 32
32 49 71
33 49 98
37 49 29
38 49 53
40 49 75
42 49 28
43 49 70
44 49 85
46 49 45
47 49 17
48 49 38
49 49 9
50 49 54
51 49 43
53 49 26
54 49 21
56 49 68
57 49 6
58 49 46
59 49 77
60 49 16
61 49 35
63 49 76
64 49 8
65 49 14
66 49 87
67 49 63
72 49 23
75 49 5
76 49 100
79 49 56
82 49 74
84 49 40
85 49 61
88 49 10
89 49 82
90 49 67
91 49 95
92 49 2
93 49 89
94 49 15
95 49 66
97 49 42
98 49 94
99 49 97
6 50 73
8 50 68
10 50 40
11 50 64
12 50 8
13 50 85
14 50 23
17 50 47
19 50 36
20 50 72
21 50 93
22 50 88
23 50 20
24 50 66
25 50 87
26 50 67
27 50 2
29 50 12
30 50 91
31 50 45
33 50 39
35 50 37
36 50 11
37 50 81
38 50 26
40 50 78
41 50 46
44 50 100
46 50 84
47 50 32
48 50 96
50 50 63
51 50 33
53 50 52
54 50 5
55 50 4
58 50 55
59 50 38
62 50 54
64 50 57
65 50 3
67 50 77
68 50 31
69 50 89
72 50 7
73 50 25
74 50 82
77 50 53
80 50 51
81 50 43
83 50 24
85 50 97
86 50 41
88 50 15
89 50 48
92 50 71
93 50 75
95 50 92
96 50 34
97 50 21
98 50 9
1 51 41
2 51 1
4 51 12
9 51 85
10 51 83
11 51 36
12 51 61
13 51 71
15 51 49
17 51 95
18 51 97
20 51 70
22 51 74
23 51 11
24 51 6
25 51 76
27 51 91
28 51 82
29 51 32
31 51 72
34 51 42
37 51 25
38 51 17
39 51 52
40 51 21
42 51 92
43 51 73
45 51 100
47 51 53
49 51 87
50 51 23
51 51 55
52 51 5
55 51 75
57 51 51
58 51 14
59 51 34
61 51 96
62 51 43
63 51 7
65 51 31
66 51 38
67 51 10
68 51 79
69 51 66
70 51 59
73 51 90
76 51 80
78 51 81
79 51 24
80 51 46
85 51 50
86 51 29
87 51 33
89 51 68
91 51 26
94 51 78
97 51 39
99 51 64
100 51 27
5 52 76
8 52 57
10 52 51
11 52 19
12 52 52
14 52 38
18 52 27
19 52 6
20 52 75
21 52 63
22 52 20
23 52 90
25 52 80
27 52 47
29 52 26
30 52 62
31 52 68
33 52 1
34 52 11
35 52 59
37 52 73
41 52 7
43 52 61
44 52 70
45 52 95
48 52 81
49 52 30
50 52 16
51 52 29
54 52 99
56 52 56
58 52 17
59 52 88
60 52 58
64 52 41
65 52 42
66 52 91
68 52 97
69 52 18
71 52 89
72 52 14
74 52 66
76 52 32
77 52 71
82 52 54
83 52 55
84 52 25
86 52 36
88 52 12
93 52 65
94 52 85
95 52 53
97 52 67
99 52 34
2 53 62
3 53 49
4 53 61
5 53 86
6 53 72
10 53 5
11 53 46
12 53 96
13 53 91
15 53 83
18 53 88
19 53 24
22 53 18
24 53 10
25 53 50
27 53 27
30 53 37
32 53 47
33 53 63
35 53 14
36 53 95
38 53 32
39 53 99
40 53 60
41 53 43
42 53 68
43 53 55
44 53 78
47 53 6
49 53 51
50 53 39
54 53 38
57 53 73
58 53 59
59 53 13
61 53 15
63 53 89
66 53 28
67 53 11
73 53 87
76 53 30
77 53 97
78 53 34
82 53 17
83 53 80
84 53 64
85 53 52
88 53 26
91 53 19
93 53 100
94 53 58
96 53 20
97 53 93
98 53 3
99 53 70
1 54 22
2 54 7
3 54 80
4 54 46
5 54 31
8 54 20
9 54 11
12 54 100
16 54 15
17 54 68
20 54 10
21 54 64
23 54 44
25 54 83
26 54 36
27 54 48
29 54 97
30 54 4
31 54 61
33 54 66
35 54 58
36 54 45
37 54 13
38 54 2
39 54 34
40 54 53
41 54 29
43 54 77
44 54 38
45 54 56
47 54 67
48 54 89
49 54 62
51 54 60
52 54 63
53 54 18
54 54 27
55 54 86
58 54 84
59 54 41
61 54 81
62 54 76
63 54 72
64 54 71
65 54 30
66 54 85
68 54 78
73 54 37
75 54 57
79 54 55
80 54 49
83 54 35
84 54 32
85 54 6
87 54 9
88 54 87
89 54 88
92 54 91
94 54 54
96 54 74
97 54 28
100 54 33
3 55 8
4 55 14
9 55 24
11 55 98
13 55 51
14 55 9
15 55 60
16 55 67
17 55 37
19 55 89
20 55 34
21 55 17
22 55 1
24 55 59
26 55 94
27 55 66
28 55 95
30 55 12
31 55 92
32 55 26
33 55 30
35 55 29
37 55 43
38 55 39
39 55 57
43 55 64
44 55 90
45 55 69
46 55 99
47 55 85
49 55 82
50 55 35
52 55 91
53 55 44
54 55 20
55 55 74
57 55 49
58 55 21
59 55 25
60 55 71
63 55 55
66 55 45
68 55 36
70 55 52
71 55 53
74 55 7
76 55 86
81 55 76
82 55 93
83 55 78
84 55 72
87 55 100
89 55 5
90 55 65
93 55 31
94 55 88
95 55 2
96 55 23
97 55 63
98 55 56
99 55 13
100 55 81
1 56 93
3 56 79
4 56 29
6 56 67
8 56 70
10 56 55
12 56 23
14 56 41
15 56 72
16 56 90
17 56 87
18 56 66
19 56 54
21 56 78
22 56 25
23 56 61
27 56 53
29 56 5
30 56 7
32 56 46
35 56 35
36 56 62
37 56 10
38 56 50
39 56 100
40 56 88
41 56 24
43 56 58
44 56 59
47 56 26
48 56 80
51 56 82
52 56 77
53 56 28
55 56 32
56 56 81
58 56 36
66 56 22
67 56 83
71 56 64
74 56 43
77 56 4
78 56 27
79 56 60
81 56 57
82 56 11
83 56 49
84 56 14
85 56 47
87 56 96
88 56 30
89 56 86
90 56 99
92 56 98
93 56 38
94 56 92
95 56 44
96 56 21
97 56 1
98 56 76
1 57 91
2 57 56
4 57 3
7 57 37
8 57 99
13 57 7
14 57 64
17 57 8
18 57 29
19 57 55
20 57 22
23 57 93
27 57 30
28 57 60
29 57 98
30 57 15
33 57 89
36 57 67
38 57 5
39 57 4
41 57 13
45 57 18
46 57 88
49 57 54
50 57 45
53 57 87
56 57 47
58 57 33
60 57 1
64 57 46
65 57 57
66 57 34
67 57 23
68 57 49
69 57 100
70 57 2
71 57 70
72 57 44
74 57 65
76 57 73
83 57 10
84 57 92
85 57 51
86 57 95
87 57 69
88 57 66
90 57 62
93 57 84
94 57 97
95 57 35
99 57 71
100 57 75
1 58 84
2 58 95
8 58 90
10 58 27
12 58 26
14 58 13
17 58 48
18 58 40
20 58 16
22 58 24
23 58 87
25 58 67
26 58 22
27 58 23
28 58 100
30 58 34
32 58 55
33 58 15
34 58 19
36 58 93
37 58 44
38 58 74
40 58 3
41 58 52
42 58 11
45 58 75
46 58 33
47 58 50
48 58 76
51 58 12
52 58 79
53 58 97
54 58 8
56 58 78
57 58 80
58 58 9
59 58 64
60 58 10
62 58 53
64 58 68
66 58 5
70 58 65
71 58 17
72 58 99
77 58 2
78 58 6
82 58 59
83 58 1
84 58 41
87 58 85
89 58 7
91 58 37
92 58 29
93 58 61
94 58 18
95 58 51
96 58 47
97 58 69
99 58 66
1 59 92
2 59 38
3 59 78
4 59 35
5 59 87
6 59 75
7 59 43
8 59 26
9 59 60
10 59 48
11 59 11
12 59 63
14 59 58
15 59 59
16 59 74
18 59 62
21 59 16
23 59 2
25 59 29
26 59 52
27 59 79
29 59 69
31 59 18
32 59 85
33 59 27
37 59 20
39 59 22
40 59 54
41 59 31
43 59 72
44 59 32
45 59 17
47 59 44
48 59 15
49 59 41
50 59 98
51 59 95
52 59 4
53 59 68
54 59 94
55 59 30
56 59 89
57 59 66
58 59 23
61 59 93
62 59 21
63 59 50
64 59 84
65 59 9
70 59 3
71 59 39
72 59 100
79 59 96
80 59 56
81 59 73
84 59 37
86 59 82
90 59 40
91 59 99
92 59 46
93 59 8
94 59 25
95 59 12
99 59 14
1 60 34
2 60 4
3 60 28
4 60 64
6 60 9
7 60 94
8 60 53
12 60 77
13 60 56
15 60 82
16 60 84
17 60 73
19 60 79
20 60 30
21 60 72
24 60 14
27 60 51
29 60 46
31 60 37
32 60 49
33 60 65
34 60 31
35 60 78
36 60 71
38 60 36
40 60 24
41 60 47
43 60 2
44 60 93
47 60 1
50 60 91
51 60 50
52 60 35
53 60 62
54 60 54
55 60 69
56 60 6
58 60 40
59 60 19
60 60 42
61 60 86
62 60 99
65 60 88
67 60 12
71 60 67
73 60 61
74 60 33
76 60 92
78 60 3
81 60 18
82 60 83
85 60 8
86 60 38
88 60 81
90 60 43
91 60 96
92 60 17
93 60 87
94 60 5
98 60 45
100 60 52
1 61 19
2 61 5
3 61 14
4 61 37
5 61 67
6 61 50
8 61 97
12 61 66
14 61 85
16 61 32
17 61 41
18 61 11
20 61 76
21 61 68
22 61 49
23 61 45
24 61 69
25 61 64
26 61 46
27 61 93
28 61 98
29 61 100
31 61 3
33 61 18
34 61 86
35 61 92
38 61 43
40 61 70
43 61 42
45 61 2
47 61 71
49 61 52
50 61 13
52 61 7
53 61 21
55 61 84
56 61 8
57 61 90
58 61 16
59 61 72
61 61 34
62 61 81
65 61 79
66 61 80
67 61 91
69 61 99
72 61 53
73 61 15
77 61 9
78 61 48
79 61 89
80 61 33
81 61 63
82 61 44
83 61 88
86 61 10
88 61 94
89 61 26
90 61 24
92 61 95
94 61 47
95 61 73
97 61 54
98 61 36
99 61 62
100 61 40
5 62 100
7 62 80
8 62 2
10 62 58
11 62 70
12 62 19
18 62 4
19 62 81
21 62 85
22 62 65
23 62 3
24 62 13
26 62 53
28 62 24
29 62 21
30 62 76
32 62 77
36 62 34
37 62 42
38 62 90
39 62 37
40 62 17
41 62 89
42 62 22
44 62 82
45 62 47
47 62 94
48 62 73
49 62 56
50 62 20
52 62 67
53 62 64
54 62 46
55 62 98
57 62 86
59 62 79
60 62 26
61 62 57
62 62 59
63 62 5
64 62 16
66 62 25
67 62 35
68 62 92
70 62 10
74 62 41
76 62 27
77 62 54
80 62 62
82 62 23
85 62 9
86 62 87
89 62 74
92 62 8
93 62 45
94 62 44
96 62 39
97 62 43
99 62 33
100 62 72
1 63 13
3 63 20
5 63 62
7 63 30
8 63 24
9 63 89
10 63 70
11 63 59
13 63 22
15 63 37
17 63 61
18 63 63
19 63 92
20 63 50
21 63 42
22 63 27
24 63 48
25 63 7
27 63 6
36 63 25
37 63 87
38 63 81
39 63 80
43 63 99
44 63 4
45 63 53
46 63 93
48 63 88
49 63 8
51 63 19
53 63 36
59 63 85
61 63 90
64 63 64
68 63 68
69 63 60
70 63 12
71 63 2
75 63 49
77 63 23
79 63 83
80 63 86
81 63 31
85 63 58
86 63 43
87 63 77
88 63 65
89 63 29
91 63 98
93 63 21
94 63 76
95 63 11
96 63 67
99 63 91
100 63 55
1 64 79
4 64 52
5 64 53
7 64 99
8 64 98
9 64 25
10 64 87
11 64 29
12 64 95
13 64 15
18 64 45
19 64 71
20 64 69
22 64 70
24 64 61
25 64 26
26 64 82
27 64 50
29 64 35
32 64 67
35 64 84
36 64 73
38 64 62
39 64 88
40 64 59
41 64 91
42 64 81
44 64 49
45 64 16
47 64 57
48 64 58
49 64 18
51 64 80
53 64 2
54 64 1
55 64 11
58 64 60
64 64 21
65 64 28
67 64 55
69 64 27
70 64 31
72 64 5
73 64 8
76 64 75
81 64 17
82 64 33
83 64 68
84 64 36
87 64 56
90 64 38
91 64 89
92 64 4
93 64 9
95 64 19
96 64 6
97 64 3
98 64 10
100 64 13
1 65 63
2 65 66
3 65 35
5 65 56
6 65 88
7 65 48
8 65 78
10 65 10
11 65 87
12 65 73
13 65 3
14 65 65
16 65 91
17 65 43
18 65 80
19 65 82
20 65 62
23 65 86
24 65 72
27 65 37
28 65 38
30 65 20
31 65 76
32 65 52
36 65 85
37 65 55
38 65 95
40 65 99
41 65 74
43 65 50
44 65 39
46 65 27
48 65 11
50 65 32
51 65 5
52 65 9
53 65 42
54 65 75
55 65 49
56 65 54
57 65 71
58 65 18
60 65 68
61 65 61
62 65 30
63 65 100
66 65 6
69 65 8
70 65 33
71 65 44
72 65 92
74 65 94
75 65 19
76 65 17
77 65 64
80 65 12
81 65 7
82 65 45
83 65 4
84 65 93
85 65 22
89 65 57
90 65 51
91 65 34
92 65 28
93 65 46
94 65 31
95 65 96
96 65 14
99 65 81
100 65 15
2 66 64
4 66 71
6 66 95
7 66 27
8 66 16
9 66 22
10 66 57
11 66 42
14 66 52
15 66 88
17 66 39
22 66 67
25 66 51
26 66 87
27 66 81
28 66 73
29 66 92
30 66 33
34 66 4
36 66 30
38 66 6
40 66 5
42 66 62
43 66 86
44 66 83
46 66 69
49 66 90
50 66 78
51 66 23
53 66 61
55 66 28
56 66 12
57 66 96
60 66 55
61 66 40
62 66 94
65 66 7
66 66 9
67 66 3
69 66 74
74 66 100
75 66 43
77 66 63
78 66 1
81 66 34
83 66 91
84 66 20
85 66 48
88 66 46
89 66 54
91 66 2
93 66 68
95 66 77
98 66 99
99 66 18
100 66 65
1 67 26
3 67 59
6 67 33
8 67 54
9 67 43
11 67 25
12 67 46
13 67 2
16 67 83
17 67 27
20 67 17
21 67 79
23 67 52
24 67 30
26 67 34
27 67 18
28 67 91
31 67 89
33 67 50
35 67 32
37 67 38
38 67 98
39 67 36
40 67 97
41 67 72
43 67 14
46 67 87
47 67 9
48 67 51
50 67 40
51 67 31
54 67 6
56 67 77
58 67 92
59 67 62
60 67 78
63 67 73
66 67 47
67 67 45
68 67 20
69 67 44
70 67 53
71 67 13
72 67 37
74 67 16
75 67 67
77 67 95
80 67 7
81 67 90
84 67 39
85 67 15
86 67 21
89 67 85
90 67 66
91 67 60
93 67 70
94 67 29
99 67 56
2 68 49
5 68 60
17 68 67
18 68 28
20 68 13
21 68 74
22 68 95
23 68 78
25 68 16
26 68 40
29 68 15
37 68 91
38 68 22
40 68 51
42 68 85
45 68 31
46 68 92
47 68 21
49 68 68
51 68 35
53 68 50
56 68 3
57 68 87
58 68 29
62 68 41
64 68 82
66 68 36
69 68 26
70 68 84
71 68 61
73 68 45
75 68 25
80 68 10
81 68 98
82 68 71
84 68 69
85 68 55
87 68 72
88 68 1
93 68 80
94 68 53
95 68 93
96 68 5
98 68 83
99 68 75
100 68 86
7 69 21
8 69 47
10 69 92
13 69 55
14 69 86
15 69 99
16 69 49
17 69 18
18 69 10
21 69 75
24 69 84
26 69 80
27 69 90
30 69 23
33 69 40
35 69 100
37 69 15
40 69 16
41 69 96
43 69 59
44 69 19
45 69 30
46 69 54
48 69 64
49 69 38
50 69 33
52 69 52
55 69 95
56 69 43
59 69 45
61 69 78
65 69 93
67 69 98
70 69 77
71 69 74
73 69 88
74 69 35
76 69 70
77 69 57
81 69 13
86 69 5
88 69 76
89 69 61
90 69 53
92 69 42
94 69 26
96 69 66
97 69 41
98 69 37
99 69 20
100 69 69
1 70 94
3 70 46
4 70 75
8 70 6
10 70 73
12 70 48
13 70 12
14 70 20
15 70 23
17 70 58
18 70 47
21 70 10
22 70 57
23 70 43
27 70 29
28 70 63
29 70 77
30 70 8
32 70 61
33 70 54
34 70 13
35 70 44
36 70 72
37 70 2
38 70 33
39 70 26
41 70 80
42 70 97
43 70 1
45 70 36
47 70 7
53 70 89
54 70 25
55 70 99
56 70 51
60 70 81
64 70 39
65 70 67
66 70 83
67 70 38
68 70 62
69 70 50
70 70 49
71 70 52
72 70 34
76 70 59
77 70 90
82 70 96
83 70 14
85 70 27
87 70 19
96 70 30
98 70 82
100 70 32
1 71 77
4 71 30
5 71 18
7 71 38
9 71 29
11 71 3
14 71 34
15 71 19
16 71 41
17 71 2
18 71 24
21 71 62
22 71 69
24 71 98
25 71 75
26 71 16
27 71 59
28 71 17
30 71 60
31 71 80
34 71 95
35 71 53
37 71 49
38 71 7
39 71 63
40 71 43
41 71 84
42 71 9
44 71 65
46 71 85
47 71 10
49 71 92
50 71 82
52 71 74
53 71 90
54 71 70
55 71 21
56 71 83
59 71 12
60 71 36
63 71 28
64 71 13
65 71 51
67 71 1
68 71 81
69 71 52
72 71 15
75 71 26
76 71 25
78 71 42
79 71 47
84 71 88
85 71 96
86 71 71
88 71 48
89 71 66
90 71 23
92 71 40
93 71 37
95 71 27
96 71 11
98 71 22
99 71 61
1 72 96
2 72 34
3 72 62
6 72 61
9 72 50
10 72 4
12 72 47
13 72 10
14 72 45
15 72 94
17 72 6
18 72 89
19 72 90
21 72 91
23 72 63
24 72 95
26 72 100
28 72 92
29 72 71
30 72 57
31 72 40
32 72 36
33 72 60
36 72 2
37 72 97
38 72 87
39 72 69
40 72 85
42 72 30
43 72 39
44 72 68
46 72 41
48 72 35
49 72 99
53 72 77
54 72 24
56 72 55
57 72 7
58 72 19
59 72 93
60 72 53
61 72 72
63 72 80
64 72 25
65 72 20
66 72 31
67 72 86
68 72 9
69 72 3
71 72 51
72 72 38
73 72 59
75 72 17
77 72 98
78 72 56
79 72 16
82 72 28
83 72 15
84 72 75
85 72 42
89 72 81
90 72 13
92 72 12
93 72 83
95 72 67
96 72 29
97 72 73
99 72 88
100 72 66
1 73 1
3 73 66
4 73 48
5 73 64
6 73 46
7 73 32
8 73 63
9 73 51
12 73 22
14 73 62
16 73 13
18 73 60
19 73 50
20 73 87
21 73 99
23 73 25
24 73 77
26 73 85
27 73 28
28 73 19
31 73 54
32 73 79
33 73 42
34 73 75
35 73 6
37 73 96
40 73 74
44 73 95
45 73 52
46 73 67
47 73 78
49 73 33
50 73 70
51 73 69
52 73 80
54 73 43
55 73 61
56 73 97
58 73 39
59 73 59
60 73 45
62 73 92
64 73 49
67 73 73
68 73 37
69 73 29
70 73 8
71 73 93
72 73 68
74 73 12
75 73 35
76 73 88
77 73 65
78 73 11
79 73 58
80 73 27
82 73 18
84 73 53
85 73 72
86 73 24
87 73 89
90 73 55
91 73 86
93 73 4
94 73 36
95 73 17
100 73 20
1 74 58
4 74 10
5 74 44
7 74 97
8 74 23
9 74 53
13 74 88
15 74 32
16 74 68
17 74 92
18 74 17
19 74 73
20 74 55
22 74 93
23 74 22
24 74 87
25 74 70
26 74 20
27 74 84
28 74 7
29 74 65
30 74 42
31 74 41
32 74 51
34 74 67
35 74 39
36 74 86
38 74 78
39 74 33
41 74 100
42 74 47
43 74 45
44 74 77
45 74 89
49 74 50
50 74 64
53 74 35
55 74 6
57 74 5
58 74 15
60 74 94
61 74 83
62 74 34
63 74 16
64 74 19
65 74 21
66 74 59
69 74 71
70 74 91
71 74 18
72 74 52
78 74 60
79 74 1
80 74 40
82 74 57
83 74 82
84 74 46
87 74 62
91 74 80
92 74 13
93 74 43
94 74 9
97 74 31
98 74 74
100 74 14
1 75 9
2 75 90
3 75 98
5 75 65
6 75 55
8 75 3
9 75 92
10 75 56
11 75 66
12 75 76
13 75 21
14 75 100
15 75 39
16 75 99
17 75 77
23 75 29
24 75 34
25 75 1
26 75 5
27 75 67
28 75 88
29 75 51
31 75 91
33 75 20
34 75 81
36 75 24
37 75 50
39 75 44
42 75 8
43 75 93
44 75 18
47 75 61
49 75 96
50 75 17
51 75 22
53 75 54
54 75 10
55 75 16
57 75 23
58 75 27
59 75 40
61 75 48
63 75 97
65 75 75
67 75 94
68 75 12
69 75 35
70 75 79
72 75 2
73 75 62
75 75 78
76 75 7
77 75 86
78 75 32
80 75 87
83 75 6
84 75 33
85 75 26
86 75 30
87 75 74
88 75 37
89 75 43
93 75 95
95 75 41
96 75 68
97 75 45
2 76 40
5 76 27
6 76 17
9 76 71
10 76 81
11 76 96
12 76 5
14 76 84
16 76 97
17 76 23
18 76 57
19 76 33
21 76 26
24 76 78
25 76 73
27 76 89
28 76 2
29 76 9
30 76 18
31 76 35
33 76 25
35 76 38
36 76 83
37 76 16
38 76 1
40 76 37
41 76 60
43 76 22
44 76 34
46 76 31
48 76 86
50 76 79
52 76 42
55 76 63
56 76 20
57 76 30
59 76 87
60 76 11
61 76 41
65 76 82
66 76 32
67 76 4
69 76 62
70 76 45
71 76 95
74 76 85
75 76 64
76 76 49
77 76 36
78 76 54
79 76 28
80 76 69
81 76 29
82 76 47
84 76 91
85 76 10
88 76 70
89 76 56
90 76 80
94 76 98
96 76 93
97 76 6
98 76 39
99 76 76
2 77 35
3 77 12
5 77 20
6 77 57
8 77 19
9 77 80
12 77 49
13 77 93
14 77 54
15 77 1
17 77 82
18 77 14
20 77 36
23 77 79
24 77 81
26 77 74
28 77 86
33 77 34
34 77 99
39 77 31
40 77 18
42 77 51
43 77 37
45 77 23
47 77 28
49 77 11
50 77 24
51 77 38
54 77 29
58 77 100
60 77 96
63 77 70
64 77 47
65 77 65
67 77 30
68 77 60
70 77 7
73 77 13
74 77 55
75 77 91
76 77 77
79 77 33
80 77 4
81 77 22
83 77 83
84 77 90
86 77 16
87 77 63
89 77 94
93 77 52
94 77 32
95 77 21
96 77 48
1 78 36
3 78 88
4 78 47
5 78 15
7 78 5
9 78 72
10 78 99
11 78 40
12 78 81
13 78 8
14 78 78
15 78 35
16 78 38
18 78 71
20 78 59
21 78 56
25 78 44
28 78 76
29 78 43
30 78 48
31 78 73
33 78 28
34 78 45
35 78 22
36 78 90
37 78 32
40 78 52
43 78 62
44 78 69
45 78 21
46 78 14
48 78 57
49 78 2
50 78 7
51 78 37
52 78 68
53 78 51
54 78 49
55 78 26
57 78 98
59 78 65
61 78 54
63 78 96
65 78 46
66 78 67
67 78 27
70 78 18
71 78 83
72 78 79
77 78 80
78 78 19
79 78 66
80 78 74
82 78 87
83 78 86
85 78 41
86 78 34
87 78 4
88 78 3
89 78 12
90 78 39
91 78 82
92 78 25
94 78 55
95 78 1
97 78 10
98 78 77
1 79 8
2 79 74
4 79 91
6 79 22
8 79 37
9 79 94
10 79 7
12 79 75
14 79 42
17 79 70
18 79 51
19 79 15
21 79 31
23 79 21
24 79 12
25 79 30
26 79 47
27 79 13
29 79 10
30 79 40
31 79 27
35 79 46
36 79 3
37 79 57
39 79 9
40 79 58
43 79 6
49 79 29
51 79 32
52 79 81
54 79 52
55 79 62
56 79 41
58 79 73
60 79 88
61 79 69
62 79 64
63 79 98
64 79 23
67 79 24
68 79 26
69 79 11
70 79 36
71 79 50
72 79 45
76 79 48
78 79 76
79 79 63
80 79 34
81 79 78
82 79 14
83 79 85
84 79 95
86 79 59
90 79 77
91 79 71
92 79 72
95 79 18
97 79 49
98 79 33
1 80 42
2 80 52
3 80 45
6 80 78
7 80 16
8 80 13
11 80 85
13 80 43
14 80 31
15 80 18
20 80 80
21 80 94
23 80 33
24 80 32
25 80 11
26 80 83
27 80 4
28 80 27
30 80 96
31 80 47
32 80 65
33 80 68
35 80 62
38 80 72
40 80 14
41 80 55
42 80 98
43 80 53
44 80 3
45 80 91
46 80 12
50 80 81
51 80 79
54 80 64
55 80 1
56 80 9
58 80 25
59 80 86
61 80 39
62 80 88
64 80 56
65 80 15
66 80 61
68 80 76
69 80 95
70 80 74
72 80 82
78 80 89
80 80 75
81 80 5
82 80 21
84 80 100
85 80 73
86 80 17
87 80 58
90 80 7
91 80 44
92 80 70
93 80 28
94 80 87
95 80 8
97 80 50
98 80 92
99 80 57
3 81 99
5 81 88
7 81 24
9 81 14
10 81 68
11 81 57
13 81 72
14 81 1
15 81 38
17 81 32
18 81 2
19 81 27
23 81 65
25 81 9
26 81 50
27 81 96
28 81 11
29 81 90
30 81 78
35 81 83
37 81 48
38 81 92
39 81 39
40 81 49
42 81 76
45 81 28
46 81 42
47 81 16
48 81 61
49 81 45
50 81 100
53 81 7
54 81 47
55 81 22
56 81 40
57 81 41
60 81 74
61 81 59
62 81 70
64 81 86
65 81 8
68 81 94
72 81 93
74 81 60
75 81 81
76 81 84
79 81 52
81 81 82
83 81 53
86 81 79
89 81 73
90 81 5
91 81 66
93 81 34
94 81 30
95 81 69
98 81 44
100 81 6
1 82 21
7 82 2
10 82 31
12 82 80
13 82 47
16 82 42
17 82 97
18 82 92
19 82 96
20 82 77
21 82 81
22 82 6
23 82 7
24 82 75
26 82 70
27 82 71
28 82 22
30 82 73
32 82 29
36 82 26
38 82 35
39 82 55
41 82 41
42 82 69
43 82 11
44 82 51
45 82 58
47 82 24
49 82 1
51 82 14
53 82 17
54 82 62
56 82 25
59 82 9
60 82 15
63 82 95
67 82 76
68 82 5
69 82 32
71 82 40
72 82 57
75 82 28
77 82 61
83 82 65
84 82 48
85 82 33
87 82 27
88 82 54
90 82 12
91 82 46
92 82 93
93 82 91
94 82 4
95 82 74
99 82 89
2 83 61
3 83 32
5 83 19
7 83 62
8 83 51
9 83 5
10 83 54
11 83 86
12 83 41
16 83 58
17 83 59
19 83 75
20 83 28
21 83 57
23 83 77
26 83 12
27 83 64
28 83 48
29 83 42
30 83 69
32 83 34
33 83 8
34 83 93
36 83 65
39 83 1
40 83 50
41 83 21
42 83 96
43 83 38
47 83 40
48 83 52
50 83 31
51 83 66
53 83 56
54 83 83
55 83 81
57 83 24
58 83 76
59 83 33
61 83 84
62 83 3
63 83 46
64 83 73
65 83 45
67 83 14
68 83 25
69 83 98
72 83 67
73 83 99
74 83 4
77 83 6
78 83 80
80 83 9
82 83 91
85 83 36
89 83 89
90 83 74
92 83 49
93 83 23
94 83 71
95 83 55
97 83 87
98 83 70
99 83 37
2 84 57
3 84 37
6 84 85
8 84 89
12 84 88
13 84 24
14 84 8
15 84 48
16 84 61
18 84 25
19 84 30
21 84 67
22 84 63
23 84 53
25 84 99
26 84 79
27 84 54
31 84 74
32 84 27
33 84 75
35 84 72
37 84 9
38 84 100
39 84 84
40 84 31
43 84 23
45 84 33
46 84 73
47 84 95
48 84 22
49 84 64
51 84 71
52 84 19
53 84 20
55 84 94
56 84 28
57 84 35
58 84 87
59 84 92
60 84 4
62 84 16
63 84 1
65 84 34
66 84 17
67 84 82
70 84 38
72 84 98
75 84 3
77 84 62
78 84 66
80 84 45
81 84 60
82 84 2
83 84 70
84 84 76
85 84 86
86 84 7
88 84 52
89 84 51
92 84 50
93 84 29
94 84 68
95 84 78
98 84 97
99 84 90
100 84 43
1 85 11
4 85 66
5 85 34
6 85 35
8 85 30
9 85 41
13 85 52
14 85 69
16 85 33
17 85 14
18 85 20
21 85 61
22 85 62
23 85 59
24 85 26
25 85 8
26 85 10
27 85 15
28 85 18
29 85 95
30 85 38
35 85 99
36 85 42
37 85 7
39 85 56
42 85 94
43 85 19
46 85 43
47 85 74
48 85 12
49 85 32
50 85 97
53 85 96
54 85 73
55 85 29
56 85 39
58 85 3
62 85 47
63 85 64
64 85 87
65 85 100
68 85 2
70 85 55
71 85 48
73 85 22
74 85 89
76 85 24
77 85 58
79 85 5
80 85 78
82 85 37
83 85 17
84 85 16
85 85 90
86 85 9
87 85 92
89 85 75
90 85 49
95 85 88
96 85 51
98 85 1
99 85 84
100 85 31
1 86 48
3 86 90
4 86 84
5 86 10
8 86 77
11 86 74
12 86 35
14 86 71
16 86 3
17 86 63
18 86 39
19 86 53
21 86 2
23 86 80
24 86 23
27 86 5
29 86 56
32 86 78
33 86 19
34 86 30
35 86 43
37 86 21
38 86 89
40 86 44
41 86 99
45 86 88
46 86 26
47 86 49
48 86 92
50 86 36
51 86 6
54 86 79
56 86 27
57 86 82
59 86 91
60 86 95
61 86 42
64 86 31
66 86 60
67 86 33
70 86 93
72 86 13
74 86 59
77 86 1
79 86 68
80 86 72
81 86 38
82 86 69
83 86 20
85 86 85
88 86 83
89 86 55
90 86 29
91 86 40
94 86 11
95 86 75
96 86 65
97 86 98
98 86 100
99 86 41
100 86 47
4 87 74
6 87 82
8 87 83
9 87 58
10 87 15
11 87 17
12 87 50
18 87 70
21 87 100
22 87 40
24 87 43
25 87 28
27 87 55
31 87 85
32 87 33
33 87 37
34 87 64
35 87 23
36 87 38
37 87 67
38 87 97
41 87 66
43 87 87
46 87 86
47 87 46
48 87 56
49 87 75
50 87 34
51 87 68
52 87 53
53 87 80
54 87 89
58 87 99
59 87 44
60 87 90
61 87 77
62 87 4
64 87 79
66 87 11
67 87 9
68 87 88
70 87 39
71 87 8
72 87 16
73 87 54
75 87 69
78 87 95
80 87 26
81 87 47
83 87 25
84 87 42
85 87 14
86 87 6
88 87 72
90 87 61
92 87 36
94 87 45
95 87 20
96 87 19
98 87 2
99 87 5
100 87 10
2 88 33
3 88 95
5 88 81
8 88 55
9 88 18
11 88 100
12 88 79
16 88 16
18 88 78
21 88 32
22 88 84
26 88 88
27 88 39
28 88 31
29 88 45
30 88 93
32 88 57
33 88 62
34 88 25
38 88 66
39 88 60
40 88 47
44 88 67
45 88 98
46 88 63
49 88 71
51 88 97
56 88 37
58 88 77
59 88 1
63 88 36
64 88 51
65 88 24
66 88 13
67 88 48
68 88 6
70 88 44
72 88 46
73 88 83
74 88 91
75 88 73
80 88 21
84 88 34
88 88 43
89 88 40
92 88 64
93 88 76
98 88 85
99 88 3
100 88 8
2 89 25
4 89 9
6 89 8
7 89 52
8 89 44
9 89 20
11 89 13
12 89 43
13 89 49
14 89 7
15 89 64
16 89 34
19 89 60
20 89 45
23 89 36
25 89 92
26 89 33
29 89 82
30 89 19
32 89 76
33 89 81
35 89 95
36 89 41
38 89 4
40 89 61
41 89 10
42 89 39
44 89 29
45 89 79
46 89 77
48 89 5
49 89 89
51 89 11
52 89 58
53 89 85
54 89 84
55 89 42
56 89 16
57 89 70
58 89 69
60 89 23
61 89 53
63 89 30
64 89 50
65 89 68
66 89 40
69 89 37
71 89 90
72 89 96
77 89 55
78 89 94
81 89 24
82 89 62
84 89 98
85 89 63
87 89 80
89 89 87
90 89 3
91 89 14
93 89 67
94 89 22
96 89 57
97 89 99
1 90 70
3 90 73
4 90 39
5 90 59
6 90 27
8 90 50
9 90 69
10 90 26
11 90 55
12 90 44
13 90 81
14 90 68
16 90 40
18 90 54
20 90 9
21 90 35
22 90 97
23 90 85
24 90 89
25 90 3
26 90 66
31 90 24
32 90 87
33 90 51
34 90 10
35 90 79
38 90 14
40 90 82
43 90 60
45 90 84
46 90 37
48 90 62
49 90 47
51 90 8
52 90 36
53 90 34
54 90 45
56 90 5
57 90 31
58 90 52
59 90 63
60 90 93
61 90 18
62 90 78
63 90 43
67 90 29
68 90 72
69 90 28
70 90 90
71 90 12
73 90 76
74 90 74
75 90 88
77 90 75
78 90 25
79 90 19
80 90 30
82 90 22
85 90 99
86 90 58
87 90 64
88 90 100
91 90 48
92 90 15
94 90 21
95 90 86
96 90 83
97 90 80
98 90 61
99 90 42
100 90 7
1 91 25
3 91 64
4 91 40
5 91 7
6 91 18
8 91 42
9 91 88
10 91 75
11 91 20
14 91 10
17 91 62
19 91 12
22 91 71
23 91 57
24 91 8
25 91 46
27 91 70
28 91 15
29 91 33
32 91 54
33 91 11
36 91 79
37 91 77
38 91 31
40 91 32
41 91 6
42 91 16
43 91 43
45 91 9
49 91 86
51 91 87
52 91 55
53 91 95
54 91 41
55 91 44
60 91 13
63 91 63
66 91 23
68 91 99
69 91 22
70 91 26
71 91 3
74 91 27
75 91 66
80 91 61
82 91 81
84 91 5
85 91 37
86 91 48
87 91 17
93 91 59
95 91 39
97 91 68
98 91 80
99 91 28
1 92 85
2 92 70
4 92 23
6 92 69
12 92 31
13 92 53
14 92 2
15 92 42
17 92 76
18 92 21
21 92 87
22 92 83
26 92 27
27 92 25
29 92 80
32 92 7
34 92 90
38 92 86
40 92 1
42 92 44
44 92 98
45 92 45
48 92 24
51 92 28
52 92 100
53 92 29
54 92 36
55 92 65
56 92 22
62 92 33
64 92 62
66 92 77
70 92 19
71 92 38
72 92 41
73 92 4
75 92 32
78 92 84
79 92 13
80 92 48
82 92 8
83 92 9
84 92 99
87 92 73
89 92 96
92 92 18
97 92 46
98 92 63
99 92 54
100 92 64
3 93 91
6 93 86
10 93 30
11 93 92
13 93 26
14 93 81
15 93 90
17 93 52
18 93 38
19 93 29
21 93 12
23 93 42
24 93 62
25 93 23
26 93 65
31 93 60
33 93 22
37 93 68
38 93 24
39 93 2
40 93 36
42 93 27
43 93 49
44 93 25
45 93 40
46 93 15
47 93 70
48 93 78
50 93 21
51 93 72
53 93 67
55 93 66
56 93 61
57 93 84
61 93 100
62 93 89
64 93 59
65 93 39
66 93 97
67 93 41
68 93 74
70 93 17
71 93 34
73 93 20
74 93 77
77 93 88
80 93 53
86 93 80
90 93 4
91 93 8
93 93 33
94 93 69
96 93 73
97 93 19
98 93 7
99 93 44
100 93 5
2 94 73
3 94 31
4 94 82
6 94 49
8 94 58
11 94 47
13 94 45
14 94 24
17 94 11
22 94 98
27 94 17
28 94 6
29 94 75
30 94 22
37 94 89
38 94 21
39 94 83
41 94 57
42 94 64
45 94 77
47 94 88
48 94 55
49 94 95
50 94 72
51 94 81
52 94 99
53 94 4
60 94 9
64 94 91
66 94 52
67 94 93
68 94 84
71 94 69
72 94 43
74 94 26
77 94 94
81 94 54
83 94 23
84 94 28
85 94 40
89 94 39
93 94 1
94 94 34
95 94 48
97 94 100
100 94 16
1 95 6
2 95 68
3 95 50
4 95 16
8 95 46
10 95 89
13 95 70
14 95 61
15 95 91
16 95 64
17 95 84
18 95 65
21 95 4
23 95 97
24 95 73
25 95 93
30 95 63
33 95 35
34 95 34
35 95 41
36 95 33
37 95 94
39 95 98
41 95 51
43 95 12
44 95 54
47 95 37
48 95 69
49 95 85
50 95 18
51 95 62
55 95 5
57 95 78
59 95 71
60 95 39
62 95 13
64 95 72
68 95 86
69 95 58
76 95 67
77 95 49
81 95 59
82 95 31
83 95 47
84 95 30
89 95 14
91 95 56
92 95 43
95 95 83
96 95 38
97 95 27
98 95 57
99 95 79
100 95 21
1 96 54
2 96 65
5 96 94
6 96 83
8 96 52
10 96 63
11 96 49
12 96 4
13 96 89
16 96 82
17 96 80
18 96 30
19 96 67
23 96 31
26 96 76
28 96 43
29 96 20
33 96 59
41 96 2
45 96 74
47 96 29
48 96 48
50 96 10
52 96 3
53 96 92
54 96 56
57 96 27
58 96 75
59 96 7
60 96 6
61 96 37
66 96 46
67 96 69
71 96 57
73 96 86
75 96 87
78 96 35
82 96 13
83 96 50
85 96 79
86 96 51
88 96 44
90 96 22
91 96 91
92 96 97
94 96 81
95 96 36
96 96 60
97 96 58
98 96 93
100 96 25
3 97 10
5 97 74
6 97 90
8 97 56
10 97 66
11 97 78
13 97 9
14 97 57
16 97 93
18 97 73
20 97 94
21 97 30
22 97 45
23 97 54
24 97 55
26 97 61
28 97 21
30 97 81
32 97 5
33 97 100
37 97 82
38 97 71
39 97 8
40 97 48
41 97 19
42 97 3
43 97 20
44 97 92
45 97 65
48 97 53
49 97 84
51 97 76
53 97 49
57 97 32
61 97 27
62 97 60
66 97 79
67 97 34
69 97 80
70 97 35
72 97 17
73 97 58
74 97 31
76 97 29
77 97 89
80 97 18
81 97 72
82 97 12
83 97 41
86 97 86
87 97 16
88 97 69
91 97 6
92 97 37
95 97 50
96 97 77
97 97 88
98 97 40
99 97 24
100 97 23
1 98 81
4 98 59
6 98 24
8 98 95
11 98 5
12 98 33
13 98 41
14 98 17
17 98 99
18 98 34
19 98 18
21 98 36
22 98 47
24 98 74
26 98 72
27 98 40
28 98 26
29 98 78
30 98 77
31 98 38
37 98 93
38 98 91
40 98 6
41 98 11
42 98 42
43 98 56
45 98 8
47 98 13
49 98 79
51 98 64
53 98 23
54 98 88
56 98 35
57 98 48
61 98 55
67 98 57
68 98 98
69 98 2
70 98 32
73 98 92
74 98 62
76 98 21
77 98 76
82 98 63
83 98 3
85 98 83
87 98 43
90 98 46
91 98 65
92 98 10
94 98 51
95 98 90
98 98 14
99 98 30
1 99 28
2 99 80
3 99 77
4 99 21
8 99 17
9 99 100
11 99 15
13 99 46
17 99 3
18 99 7
19 99 35
21 99 60
23 99 82
26 99 9
27 99 68
28 99 5
29 99 53
30 99 16
31 99 26
32 99 20
37 99 65
38 99 58
42 99 91
45 99 99
46 99 90
47 99 59
48 99 4
49 99 94
50 99 38
51 99 40
52 99 18
53 99 98
54 99 96
55 99 19
56 99 69
59 99 30
60 99 43
63 99 45
70 99 92
71 99 24
73 99 39
75 99 79
76 99 64
77 99 78
78 99 75
80 99 50
82 99 97
84 99 89
85 99 87
87 99 67
88 99 2
92 99 61
95 99 29
96 99 71
97 99 66
100 99 11
2 100 98
5 100 33
8 100 79
11 100 97
13 100 63
16 100 59
18 100 100
19 100 13
20 100 40
21 100 44
22 100 19
23 100 1
24 100 99
25 100 56
26 100 2
30 100 10
33 100 67
34 100 3
35 100 30
37 100 18
38 100 25
39 100 85
41 100 36
43 100 75
44 100 81
45 100 14
46 100 39
52 100 57
53 100 24
55 100 51
57 100 8
58 100 86
59 100 52
61 100 50
64 100 4
65 100 54
66 100 88
67 100 20
68 100 48
71 100 28
74 100 68
77 100 5
80 100 16
81 100 91
82 100 95
83 100 92
84 100 29
85 100 32
86 100 60
90 100 78
93 100 72
94 100 96
95 100 42
98 100 12
99 100 74
