36
617
1 1 19
3 1 1
6 1 31
8 1 35
9 1 30
10 1 24
11 1 36
12 1 14
13 1 7
14 1 27
15 1 11
17 1 33
20 1 22
22 1 15
23 1 5
25 1 3
26 1 25
28 1 2
30 1 26
31 1 6
33 1 18
34 1 10
36 1 16
1 2 15
7 2 5
8 2 20
11 2 13
12 2 10
13 2 24
14 2 8
15 2 32
20 2 3
24 2 1
26 2 16
27 2 34
29 2 4
31 2 17
36 2 31
2 3 35
3 3 2
4 3 25
6 3 5
7 3 27
8 3 6
12 3 26
16 3 3
18 3 10
22 3 7
23 3 17
25 3 33
29 3 28
30 3 22
34 3 19
36 3 15
1 4 29
2 4 24
4 4 6
5 4 26
6 4 8
7 4 11
8 4 33
14 4 35
15 4 13
19 4 23
26 4 18
28 4 32
29 4 10
32 4 30
36 4 25
1 5 11
2 5 34
3 5 28
10 5 25
11 5 19
13 5 16
14 5 14
16 5 5
17 5 18
19 5 6
21 5 36
22 5 26
24 5 21
25 5 29
29 5 1
32 5 23
36 5 20
1 6 33
3 6 36
4 6 12
5 6 7
7 6 32
9 6 16
12 6 34
13 6 28
14 6 1
16 6 29
17 6 31
20 6 10
21 6 18
24 6 2
26 6 20
28 6 11
31 6 21
33 6 35
34 6 3
36 6 24
1 7 1
2 7 22
4 7 2
5 7 30
6 7 28
8 7 25
10 7 10
12 7 9
19 7 29
22 7 21
23 7 16
24 7 20
27 7 26
28 7 4
31 7 19
32 7 11
33 7 31
1 8 5
4 8 27
8 8 34
10 8 12
12 8 23
13 8 22
18 8 31
19 8 15
21 8 8
22 8 33
25 8 28
28 8 18
30 8 21
31 8 30
33 8 3
34 8 25
3 9 18
4 9 10
7 9 29
8 9 27
12 9 28
19 9 36
20 9 7
21 9 1
25 9 19
29 9 13
32 9 2
33 9 17
2 10 36
3 10 21
6 10 4
7 10 6
9 10 7
10 10 8
14 10 25
15 10 26
16 10 15
17 10 13
20 10 28
21 10 30
23 10 22
33 10 12
34 10 14
36 10 18
5 11 15
6 11 19
7 11 31
8 11 36
10 11 17
13 11 20
14 11 10
15 11 28
17 11 21
18 11 24
19 11 35
23 11 3
26 11 30
27 11 25
28 11 5
29 11 11
31 11 29
32 11 16
33 11 13
34 11 4
35 11 23
1 12 35
2 12 23
9 12 18
11 12 30
13 12 6
15 12 9
16 12 17
17 12 3
18 12 8
19 12 11
20 12 14
21 12 32
24 12 12
26 12 10
29 12 15
31 12 27
32 12 1
1 13 23
2 13 8
3 13 35
6 13 3
11 13 1
12 13 30
13 13 2
17 13 24
18 13 11
20 13 33
22 13 28
23 13 26
25 13 20
27 13 10
28 13 15
29 13 22
30 13 32
35 13 9
36 13 14
1 14 18
2 14 2
3 14 34
4 14 29
5 14 31
7 14 33
9 14 3
12 14 16
13 14 23
15 14 6
17 14 19
18 14 17
19 14 25
20 14 15
22 14 35
23 14 21
28 14 1
30 14 8
31 14 5
33 14 27
2 15 13
3 15 20
4 15 15
5 15 14
10 15 2
11 15 26
15 15 25
18 15 35
20 15 8
21 15 34
24 15 16
25 15 5
28 15 31
32 15 18
36 15 33
2 16 30
5 16 24
7 16 22
11 16 31
12 16 17
15 16 10
16 16 34
18 16 33
19 16 19
21 16 27
23 16 4
24 16 13
25 16 16
26 16 26
30 16 7
34 16 11
35 16 25
36 16 12
1 17 6
2 17 12
3 17 22
4 17 11
5 17 33
8 17 19
11 17 23
13 17 36
14 17 21
15 17 8
16 17 32
19 17 17
20 17 20
21 17 3
22 17 9
23 17 7
25 17 14
27 17 28
30 17 4
8 18 8
12 18 6
14 18 3
16 18 16
17 18 27
18 18 30
19 18 12
21 18 5
22 18 23
24 18 11
25 18 17
26 18 36
29 18 33
32 18 24
35 18 19
36 18 32
4 19 5
6 19 9
7 19 18
14 19 31
15 19 14
22 19 1
24 19 23
26 19 11
27 19 30
30 19 29
31 19 33
32 19 20
35 19 3
1 20 4
2 20 17
3 20 32
9 20 13
10 20 3
11 20 20
13 20 21
14 20 9
16 20 24
19 20 16
20 20 31
23 20 19
24 20 30
25 20 25
27 20 12
28 20 10
33 20 26
34 20 36
35 20 34
3 21 3
6 21 23
7 21 14
9 21 2
11 21 7
12 21 33
15 21 36
18 21 19
19 21 28
22 21 20
24 21 8
25 21 9
29 21 34
32 21 21
33 21 6
1 22 8
2 22 33
4 22 36
6 22 21
8 22 16
9 22 23
10 22 19
11 22 22
12 22 25
14 22 34
15 22 27
16 22 20
17 22 2
18 22 13
20 22 12
24 22 18
25 22 31
27 22 24
32 22 32
34 22 17
36 22 28
3 23 31
4 23 18
7 23 26
9 23 17
12 23 32
16 23 25
19 23 7
20 23 21
21 23 10
22 23 22
23 23 33
24 23 4
25 23 1
26 23 13
30 23 5
31 23 2
34 23 24
2 24 29
4 24 13
5 24 11
7 24 4
8 24 9
9 24 10
10 24 28
13 24 8
15 24 35
16 24 1
17 24 30
21 24 24
22 24 17
23 24 25
26 24 22
28 24 7
29 24 26
30 24 6
31 24 16
32 24 19
35 24 5
3 25 19
4 25 9
6 25 35
7 25 28
11 25 27
12 25 18
17 25 7
18 25 2
19 25 24
25 25 34
27 25 20
30 25 1
33 25 10
35 25 16
2 26 28
3 26 12
4 26 3
6 26 15
8 26 14
12 26 7
14 26 26
16 26 27
18 26 4
19 26 18
21 26 13
23 26 31
24 26 6
26 26 5
27 26 16
28 26 36
29 26 24
36 26 23
3 27 30
5 27 6
7 27 13
8 27 21
10 27 23
11 27 24
12 27 5
15 27 1
19 27 10
20 27 9
22 27 29
25 27 15
26 27 2
27 27 22
28 27 12
29 27 3
30 27 17
33 27 34
1 28 20
5 28 5
11 28 10
12 28 22
15 28 16
16 28 13
17 28 34
19 28 2
20 28 25
21 28 33
22 28 32
23 28 14
24 28 26
25 28 21
27 28 11
34 28 29
35 28 7
36 28 1
1 29 32
3 29 13
4 29 31
5 29 10
7 29 9
8 29 3
9 29 11
11 29 35
12 29 29
16 29 12
19 29 34
34 29 5
35 29 20
2 30 4
3 30 17
4 30 24
5 30 2
6 30 29
11 30 8
13 30 5
14 30 22
17 30 25
22 30 11
23 30 20
26 30 14
29 30 7
30 30 28
32 30 12
33 30 36
34 30 30
35 30 18
1 31 21
3 31 23
4 31 35
7 31 7
9 31 34
13 31 27
14 31 17
15 31 22
16 31 18
17 31 15
19 31 20
20 31 29
22 31 13
24 31 3
25 31 11
28 31 9
30 31 16
32 31 14
36 31 30
2 32 18
4 32 4
5 32 28
8 32 5
9 32 14
11 32 16
18 32 7
20 32 17
22 32 19
23 32 24
24 32 34
26 32 15
27 32 32
28 32 23
29 32 20
31 32 12
32 32 9
33 32 21
34 32 33
35 32 31
2 33 6
6 33 24
7 33 15
8 33 2
11 33 25
12 33 35
13 33 32
15 33 23
19 33 21
21 33 11
22 33 36
23 33 30
24 33 33
25 33 18
27 33 17
28 33 3
29 33 29
30 33 27
31 33 13
36 33 34
3 34 11
4 34 32
7 34 3
8 34 22
10 34 26
12 34 1
13 34 30
15 34 34
17 34 16
19 34 5
20 34 18
25 34 24
26 34 19
27 34 8
29 34 14
31 34 10
33 34 20
1 35 10
3 35 15
4 35 30
6 35 22
8 35 4
14 35 33
16 35 19
20 35 1
21 35 12
22 35 14
23 35 32
24 35 7
26 35 31
27 35 6
1 36 26
2 36 9
10 36 18
11 36 29
15 36 5
18 36 20
20 36 23
21 36 35
25 36 22
26 36 21
