36
756
9 2 28
10 2 11
17 2 22
18 2 8
19 2 17
20 2 1
27 2 33
28 2 15
7 3 27
8 3 7
9 3 6
11 3 18
12 3 4
13 3 33
15 3 5
16 3 19
17 3 13
18 3 20
19 3 8
20 3 30
21 3 22
22 3 10
24 3 2
25 3 17
26 3 21
28 3 16
29 3 32
30 3 25
4 4 31
5 4 9
6 4 17
7 4 20
8 4 14
9 4 25
11 4 21
13 4 34
14 4 18
15 4 32
16 4 26
18 4 10
19 4 6
21 4 29
22 4 33
23 4 7
24 4 35
26 4 1
28 4 11
29 4 27
30 4 12
31 4 4
32 4 22
33 4 2
4 5 19
5 5 30
6 5 34
7 5 1
8 5 12
10 5 26
11 5 32
12 5 33
13 5 25
14 5 23
15 5 11
16 5 6
17 5 17
18 5 4
19 5 27
20 5 13
21 5 21
22 5 28
23 5 5
24 5 15
25 5 8
26 5 35
27 5 7
29 5 9
30 5 3
31 5 20
32 5 24
33 5 10
4 6 25
5 6 27
6 6 10
7 6 3
10 6 16
11 6 17
12 6 36
13 6 2
14 6 21
15 6 9
16 6 28
17 6 35
20 6 4
21 6 12
22 6 24
23 6 31
24 6 19
25 6 29
26 6 13
27 6 5
30 6 20
31 6 14
32 6 6
33 6 8
3 7 25
4 7 12
5 7 19
6 7 36
18 7 6
19 7 1
31 7 23
32 7 29
33 7 27
34 7 10
3 8 14
4 8 20
5 8 35
8 8 9
9 8 1
10 8 21
12 8 10
15 8 30
16 8 2
21 8 18
22 8 19
25 8 32
27 8 26
28 8 5
29 8 16
32 8 34
33 8 25
34 8 28
2 9 31
3 9 3
4 9 8
8 9 26
10 9 15
11 9 5
12 9 25
13 9 17
14 9 35
15 9 12
17 9 28
18 9 32
19 9 4
20 9 27
22 9 16
23 9 29
24 9 21
25 9 19
26 9 11
27 9 14
29 9 7
33 9 6
34 9 36
35 9 20
2 10 17
5 10 16
6 10 30
8 10 27
9 10 35
11 10 23
12 10 6
13 10 21
14 10 1
15 10 4
16 10 31
17 10 18
18 10 29
19 10 7
20 10 25
21 10 20
22 10 32
23 10 24
24 10 8
25 10 28
26 10 12
28 10 9
29 10 2
31 10 13
32 10 26
35 10 11
3 11 6
4 11 28
5 11 11
6 11 22
9 11 24
10 11 8
11 11 36
12 11 7
13 11 23
14 11 26
15 11 34
16 11 10
17 11 16
20 11 31
21 11 5
22 11 15
23 11 17
24 11 30
25 11 18
26 11 25
27 11 1
28 11 4
31 11 33
32 11 21
33 11 14
34 11 12
3 12 29
5 12 26
6 12 5
8 12 17
9 12 32
10 12 2
11 12 30
13 12 19
14 12 3
15 12 14
16 12 33
17 12 11
18 12 25
19 12 34
20 12 12
21 12 35
22 12 36
23 12 10
24 12 23
26 12 6
27 12 21
28 12 27
29 12 20
31 12 24
32 12 8
34 12 1
3 13 8
4 13 17
5 13 21
6 13 25
9 13 9
10 13 31
11 13 35
12 13 30
16 13 4
17 13 33
18 13 13
19 13 26
20 13 22
21 13 10
25 13 34
26 13 15
27 13 16
28 13 18
31 13 28
32 13 14
33 13 29
34 13 20
4 14 30
5 14 4
6 14 6
9 14 10
10 14 25
11 14 27
12 14 29
14 14 14
15 14 22
16 14 5
17 14 20
20 14 36
21 14 33
22 14 31
23 14 18
25 14 3
26 14 17
27 14 35
28 14 2
31 14 32
32 14 16
33 14 19
3 15 23
4 15 27
5 15 10
6 15 35
8 15 28
9 15 36
10 15 32
11 15 4
12 15 22
14 15 30
15 15 3
16 15 18
17 15 1
18 15 16
19 15 19
20 15 8
21 15 17
22 15 21
23 15 6
25 15 20
26 15 7
27 15 13
28 15 33
29 15 25
31 15 5
32 15 12
33 15 34
34 15 31
3 16 13
4 16 5
5 16 31
6 16 9
8 16 19
10 16 17
11 16 16
12 16 14
13 16 8
14 16 2
15 16 27
16 16 11
18 16 35
19 16 15
21 16 23
22 16 1
23 16 20
24 16 24
25 16 21
26 16 10
27 16 4
29 16 30
31 16 3
32 16 33
33 16 18
34 16 22
2 17 33
3 17 2
5 17 22
6 17 3
9 17 26
10 17 20
11 17 1
12 17 8
13 17 31
14 17 10
15 17 21
17 17 15
20 17 7
22 17 34
23 17 16
24 17 5
25 17 6
26 17 24
27 17 29
28 17 28
31 17 9
32 17 4
34 17 35
35 17 30
2 18 14
3 18 20
4 18 15
5 18 12
7 18 24
9 18 33
10 18 7
12 18 5
13 18 29
15 18 26
16 18 32
21 18 30
22 18 27
24 18 11
25 18 9
27 18 22
28 18 23
30 18 8
32 18 10
33 18 36
34 18 25
35 18 13
2 19 10
3 19 11
4 19 21
5 19 2
7 19 5
9 19 20
10 19 28
12 19 1
13 19 26
15 19 7
16 19 3
21 19 27
22 19 35
24 19 36
25 19 12
27 19 25
28 19 29
30 19 9
32 19 32
33 19 15
34 19 24
35 19 18
2 20 13
3 20 12
5 20 28
6 20 20
9 20 14
10 20 34
11 20 31
12 20 16
13 20 18
14 20 29
15 20 8
17 20 32
20 20 26
22 20 11
23 20 1
24 20 7
25 20 5
26 20 27
27 20 19
28 20 30
31 20 10
32 20 3
34 20 23
35 20 4
3 21 31
4 21 29
5 21 6
6 21 18
8 21 11
10 21 23
11 21 3
12 21 27
13 21 10
14 21 17
15 21 1
16 21 15
18 21 9
19 21 14
21 21 19
22 21 13
23 21 12
24 21 22
25 21 24
26 21 16
27 21 34
29 21 26
31 21 36
32 21 7
33 21 28
34 21 2
3 22 26
4 22 24
5 22 23
6 22 8
8 22 10
9 22 21
10 22 18
11 22 25
12 22 2
14 22 22
15 22 35
16 22 16
17 22 12
18 22 14
19 22 28
20 22 5
21 22 15
22 22 17
23 22 30
25 22 11
26 22 3
27 22 36
28 22 6
29 22 33
31 22 27
32 22 20
33 22 9
34 22 34
4 23 9
5 23 36
6 23 1
9 23 17
10 23 22
11 23 13
12 23 19
14 23 6
15 23 31
16 23 23
17 23 24
20 23 3
21 23 25
22 23 20
23 23 21
25 23 15
26 23 18
27 23 28
28 23 8
31 23 26
32 23 35
33 23 5
3 24 5
4 24 16
5 24 3
6 24 7
9 24 8
10 24 24
11 24 29
12 24 26
16 24 25
17 24 21
18 24 28
19 24 18
20 24 33
21 24 2
25 24 31
26 24 14
27 24 32
28 24 17
31 24 1
32 24 11
33 24 22
34 24 6
3 25 30
5 25 32
6 25 14
8 25 34
9 25 2
10 25 27
11 25 19
13 25 28
14 25 20
15 25 33
16 25 35
17 25 23
18 25 21
19 25 10
20 25 17
21 25 8
22 25 18
23 25 13
24 25 16
26 25 4
27 25 11
28 25 3
29 25 15
31 25 22
32 25 1
34 25 26
3 26 19
4 26 11
5 26 8
6 26 31
9 26 23
10 26 12
11 26 15
12 26 28
13 26 4
14 26 25
15 26 24
16 26 13
17 26 9
20 26 34
21 26 7
22 26 14
23 26 35
24 26 27
25 26 26
26 26 32
27 26 17
28 26 10
31 26 6
32 26 2
33 26 20
34 26 16
2 27 15
5 27 25
6 27 13
8 27 29
9 27 30
11 27 6
12 27 32
13 27 14
14 27 12
15 27 10
16 27 22
17 27 27
18 27 26
19 27 20
20 27 21
21 27 24
22 27 2
23 27 36
24 27 1
25 27 23
26 27 28
28 27 7
29 27 8
31 27 19
32 27 17
35 27 34
2 28 20
3 28 34
4 28 4
8 28 16
10 28 36
11 28 26
12 28 35
13 28 3
14 28 32
15 28 15
17 28 30
18 28 18
19 28 33
20 28 19
22 28 25
23 28 28
24 28 6
25 28 1
26 28 5
27 28 12
29 28 21
33 28 7
34 28 29
35 28 14
3 29 10
4 29 1
5 29 18
8 29 8
9 29 7
10 29 14
12 29 13
15 29 6
16 29 29
21 29 4
22 29 26
25 29 33
27 29 2
28 29 34
29 29 31
32 29 23
33 29 30
34 29 21
3 30 28
4 30 6
5 30 17
6 30 12
18 30 31
19 30 9
31 30 15
32 30 13
33 30 33
34 30 4
4 31 35
5 31 29
6 31 33
7 31 32
10 31 6
11 31 9
12 31 3
13 31 1
14 31 7
15 31 28
16 31 21
17 31 31
20 31 14
21 31 26
22 31 23
23 31 27
24 31 25
25 31 10
26 31 19
27 31 15
30 31 17
31 31 11
32 31 18
33 31 4
4 32 13
5 32 14
6 32 4
7 32 26
8 32 25
10 32 10
11 32 28
12 32 11
13 32 22
14 32 19
15 32 18
16 32 8
17 32 2
18 32 36
19 32 21
20 32 24
21 32 3
22 32 5
23 32 15
24 32 12
25 32 16
26 32 20
27 32 27
29 32 6
30 32 32
31 32 35
32 32 9
33 32 23
4 33 3
5 33 20
6 33 28
7 33 23
8 33 31
9 33 5
11 33 22
13 33 27
14 33 4
15 33 17
16 33 30
18 33 15
19 33 16
21 33 11
22 33 7
23 33 34
24 33 18
26 33 26
28 33 25
29 33 24
30 33 33
31 33 2
32 33 36
33 33 32
7 34 19
8 34 21
9 34 27
11 34 34
12 34 18
13 34 32
15 34 25
16 34 20
17 34 26
18 34 3
19 34 35
20 34 2
21 34 1
22 34 6
24 34 4
25 34 14
26 34 29
28 34 12
29 34 5
30 34 31
9 35 15
10 35 4
17 35 34
18 35 12
19 35 31
20 35 20
27 35 9
28 35 22
