64
2440
3 1 48
4 1 23
5 1 58
6 1 38
7 1 57
8 1 39
9 1 7
10 1 31
12 1 47
14 1 59
15 1 36
16 1 56
17 1 3
18 1 64
19 1 28
21 1 54
22 1 1
24 1 17
25 1 61
26 1 55
27 1 37
28 1 53
29 1 18
30 1 29
31 1 15
34 1 43
35 1 50
36 1 4
37 1 45
38 1 12
39 1 32
40 1 63
41 1 10
43 1 46
44 1 5
46 1 60
47 1 20
48 1 22
49 1 62
50 1 8
51 1 24
53 1 9
55 1 52
56 1 33
57 1 51
58 1 49
59 1 19
60 1 27
61 1 34
62 1 40
1 2 22
2 2 17
4 2 62
5 2 54
6 2 14
7 2 56
8 2 21
9 2 1
10 2 39
11 2 61
13 2 3
14 2 33
15 2 57
17 2 6
18 2 12
19 2 19
20 2 52
21 2 32
22 2 46
23 2 44
25 2 31
26 2 11
27 2 16
28 2 63
29 2 42
30 2 49
31 2 13
34 2 15
35 2 9
36 2 5
37 2 7
38 2 8
39 2 60
40 2 48
42 2 55
43 2 18
44 2 45
45 2 38
46 2 34
47 2 43
48 2 58
50 2 27
51 2 36
52 2 64
54 2 26
55 2 29
56 2 23
57 2 30
58 2 35
59 2 24
60 2 10
61 2 28
63 2 50
64 2 2
1 3 28
2 3 36
3 3 47
4 3 18
7 3 59
9 3 13
10 3 38
11 3 45
12 3 9
13 3 63
14 3 32
16 3 46
17 3 11
19 3 21
21 3 31
24 3 5
26 3 6
27 3 4
28 3 40
29 3 2
30 3 27
31 3 8
34 3 54
35 3 17
36 3 10
37 3 25
38 3 57
39 3 34
41 3 3
44 3 64
46 3 42
48 3 30
49 3 55
51 3 43
52 3 51
53 3 61
54 3 49
55 3 14
56 3 56
58 3 29
61 3 48
62 3 37
63 3 1
64 3 7
1 4 45
2 4 37
6 4 34
7 4 43
8 4 12
9 4 22
10 4 40
12 4 20
14 4 5
15 4 53
16 4 28
17 4 9
18 4 7
20 4 39
21 4 2
22 4 25
25 4 64
26 4 35
27 4 44
28 4 51
29 4 26
30 4 19
31 4 21
34 4 27
35 4 61
36 4 46
37 4 55
38 4 1
39 4 16
40 4 3
43 4 36
44 4 29
45 4 49
47 4 59
48 4 63
49 4 4
50 4 13
51 4 30
53 4 50
55 4 31
56 4 48
57 4 62
58 4 8
59 4 56
63 4 58
64 4 32
1 5 3
2 5 55
3 5 30
6 5 11
8 5 1
10 5 34
11 5 43
14 5 12
15 5 50
17 5 45
19 5 57
20 5 33
21 5 37
22 5 29
25 5 46
26 5 59
27 5 36
28 5 62
29 5 38
30 5 28
35 5 6
36 5 40
37 5 18
38 5 56
39 5 21
40 5 41
43 5 23
44 5 25
45 5 35
46 5 4
48 5 51
50 5 32
51 5 5
54 5 7
55 5 20
57 5 26
59 5 22
62 5 52
63 5 44
64 5 15
1 6 29
3 6 27
4 6 26
5 6 52
7 6 7
9 6 48
10 6 58
11 6 19
12 6 16
14 6 18
17 6 38
19 6 50
20 6 60
22 6 56
25 6 14
26 6 3
27 6 39
28 6 41
29 6 24
30 6 10
31 6 22
34 6 35
35 6 51
36 6 47
37 6 44
38 6 59
39 6 36
40 6 13
43 6 8
45 6 28
46 6 9
48 6 32
51 6 37
53 6 6
54 6 11
55 6 17
56 6 34
58 6 64
60 6 12
61 6 55
62 6 63
64 6 46
1 7 13
2 7 50
3 7 44
5 7 5
9 7 35
14 7 25
17 7 23
20 7 34
21 7 63
23 7 8
25 7 9
26 7 12
27 7 54
29 7 57
30 7 48
31 7 7
34 7 29
35 7 53
36 7 64
38 7 24
39 7 26
40 7 19
42 7 21
44 7 41
45 7 16
48 7 11
51 7 22
56 7 58
60 7 36
62 7 31
63 7 3
64 7 4
1 8 46
2 8 20
3 8 32
4 8 19
9 8 29
10 8 8
12 8 55
13 8 6
17 8 14
18 8 58
20 8 24
22 8 40
25 8 23
26 8 43
27 8 45
28 8 30
29 8 52
30 8 34
31 8 60
34 8 22
35 8 31
36 8 42
37 8 2
38 8 38
39 8 62
40 8 28
43 8 61
45 8 56
47 8 48
48 8 33
52 8 3
53 8 16
55 8 15
56 8 47
61 8 18
62 8 41
63 8 57
64 8 17
1 9 24
2 9 29
3 9 8
5 9 47
7 9 15
8 9 52
9 9 59
10 9 13
11 9 44
13 9 31
14 9 62
15 9 48
16 9 7
17 9 60
20 9 35
21 9 57
23 9 39
24 9 49
25 9 1
26 9 34
27 9 3
28 9 21
31 9 42
34 9 63
37 9 38
38 9 50
39 9 2
40 9 33
41 9 56
42 9 53
44 9 6
45 9 55
48 9 9
49 9 10
50 9 26
51 9 16
52 9 54
54 9 46
55 9 11
56 9 51
57 9 12
58 9 18
60 9 28
62 9 25
63 9 64
64 9 23
1 10 55
2 10 32
3 10 31
4 10 36
5 10 53
6 10 9
7 10 63
8 10 61
9 10 47
12 10 30
13 10 46
14 10 3
15 10 51
16 10 37
17 10 22
18 10 28
19 10 7
21 10 40
22 10 50
23 10 18
25 10 12
26 10 44
27 10 33
28 10 19
30 10 52
31 10 62
34 10 57
35 10 49
37 10 41
38 10 54
39 10 48
40 10 60
42 10 10
43 10 15
44 10 43
46 10 23
47 10 29
48 10 26
49 10 27
50 10 2
51 10 6
52 10 38
53 10 21
56 10 5
57 10 16
58 10 58
59 10 20
60 10 24
61 10 1
62 10 39
63 10 4
64 10 11
1 11 20
3 11 6
4 11 40
5 11 21
6 11 51
7 11 34
9 11 17
10 11 64
11 11 9
12 11 61
13 11 22
15 11 42
16 11 60
17 11 36
18 11 2
19 11 25
20 11 29
22 11 8
24 11 45
25 11 58
26 11 32
27 11 35
31 11 39
34 11 14
38 11 18
39 11 44
40 11 10
41 11 4
43 11 16
45 11 19
46 11 46
47 11 12
48 11 1
49 11 43
50 11 50
52 11 47
53 11 31
54 11 24
55 11 37
56 11 59
58 11 38
59 11 49
60 11 48
61 11 62
62 11 7
64 11 52
2 12 42
3 12 57
4 12 54
5 12 50
6 12 10
7 12 49
9 12 58
12 12 2
14 12 40
15 12 25
17 12 31
18 12 30
19 12 11
20 12 64
21 12 9
23 12 3
25 12 60
26 12 36
27 12 17
28 12 23
30 12 38
31 12 46
34 12 53
35 12 19
37 12 35
38 12 62
39 12 6
40 12 26
42 12 61
44 12 47
45 12 52
46 12 51
47 12 14
48 12 21
50 12 7
51 12 39
53 12 4
56 12 28
58 12 15
59 12 5
60 12 13
61 12 44
62 12 22
63 12 8
1 13 7
3 13 64
5 13 25
6 13 62
8 13 43
9 13 34
10 13 5
12 13 53
13 13 4
14 13 26
19 13 56
20 13 58
21 13 6
23 13 32
25 13 20
26 13 40
28 13 57
30 13 2
31 13 31
34 13 37
35 13 12
37 13 39
39 13 29
40 13 1
42 13 49
44 13 48
45 13 44
46 13 54
51 13 61
52 13 17
53 13 13
55 13 23
56 13 8
57 13 55
59 13 46
60 13 3
62 13 33
64 13 42
1 14 60
2 14 11
3 14 13
4 14 4
5 14 12
10 14 18
11 14 38
17 14 1
18 14 16
19 14 5
21 14 23
23 14 47
25 14 26
27 14 6
29 14 37
30 14 56
31 14 51
34 14 31
35 14 46
36 14 55
38 14 40
40 14 8
42 14 7
44 14 36
46 14 41
47 14 39
48 14 3
54 14 62
55 14 34
60 14 9
61 14 57
62 14 61
63 14 19
64 14 35
1 15 33
2 15 35
6 15 17
8 15 46
9 15 23
10 15 19
11 15 32
12 15 52
13 15 8
21 15 15
22 15 55
23 15 59
25 15 7
26 15 14
27 15 41
28 15 61
29 15 16
30 15 50
35 15 34
36 15 25
37 15 11
38 15 36
39 15 42
40 15 21
42 15 20
43 15 13
44 15 30
52 15 12
53 15 40
54 15 64
55 15 1
56 15 49
57 15 47
59 15 26
63 15 45
64 15 51
2 16 1
4 16 22
6 16 45
10 16 12
11 16 29
12 16 39
13 16 27
14 16 54
18 16 51
19 16 62
21 16 42
22 16 61
25 16 11
26 16 28
30 16 8
31 16 4
34 16 16
35 16 47
39 16 56
40 16 24
43 16 50
44 16 59
46 16 38
47 16 64
51 16 44
52 16 14
53 16 19
54 16 9
55 16 55
59 16 60
61 16 41
63 16 21
1 17 11
2 17 54
3 17 16
4 17 47
5 17 48
6 17 41
7 17 64
8 17 35
9 17 45
10 17 10
11 17 37
13 17 26
19 17 14
20 17 15
22 17 49
24 17 22
26 17 7
27 17 55
28 17 46
29 17 29
31 17 9
34 17 3
36 17 62
37 17 61
38 17 23
39 17 50
41 17 38
43 17 42
45 17 17
46 17 59
52 17 43
54 17 25
55 17 4
56 17 21
57 17 36
58 17 6
59 17 44
60 17 19
61 17 58
62 17 56
63 17 53
64 17 34
1 18 42
2 18 34
3 18 4
4 18 27
5 18 61
7 18 31
10 18 59
11 18 54
12 18 57
13 18 28
16 18 21
17 18 56
18 18 1
20 18 46
21 18 7
23 18 2
25 18 19
26 18 38
27 18 15
28 18 16
29 18 13
31 18 36
34 18 26
36 18 41
37 18 64
38 18 5
39 18 22
40 18 52
42 18 35
44 18 3
45 18 23
47 18 11
48 18 37
49 18 8
52 18 63
53 18 49
54 18 50
55 18 44
58 18 43
60 18 14
61 18 60
62 18 24
63 18 17
64 18 62
1 19 25
3 19 36
5 19 6
7 19 19
9 19 52
10 19 14
11 19 55
14 19 41
15 19 35
16 19 30
17 19 57
20 19 59
21 19 44
22 19 45
24 19 3
26 19 49
27 19 5
28 19 60
29 19 12
30 19 61
35 19 29
36 19 38
37 19 46
38 19 33
39 19 31
41 19 16
43 19 64
44 19 15
45 19 63
48 19 62
49 19 42
50 19 20
51 19 48
54 19 23
55 19 9
56 19 7
58 19 40
60 19 18
62 19 47
64 19 21
1 20 21
2 20 3
3 20 58
4 20 20
6 20 18
7 20 46
8 20 28
9 20 16
10 20 53
11 20 6
12 20 64
13 20 40
15 20 7
17 20 42
18 20 34
19 20 24
20 20 37
25 20 62
26 20 47
28 20 43
29 20 51
30 20 1
35 20 32
36 20 48
37 20 8
39 20 35
40 20 2
45 20 26
46 20 44
47 20 49
48 20 5
50 20 41
52 20 30
53 20 22
54 20 19
55 20 27
56 20 12
57 20 45
58 20 25
59 20 55
61 20 4
62 20 57
63 20 52
64 20 54
1 21 26
3 21 17
4 21 29
5 21 62
6 21 24
7 21 45
8 21 7
9 21 3
10 21 48
11 21 25
12 21 38
14 21 4
15 21 5
16 21 36
21 21 55
23 21 63
24 21 31
27 21 28
28 21 44
30 21 22
35 21 13
37 21 60
38 21 14
41 21 57
42 21 34
44 21 19
49 21 58
50 21 33
51 21 18
53 21 1
54 21 59
55 21 47
56 21 11
57 21 2
58 21 30
59 21 35
60 21 42
61 21 16
62 21 50
64 21 10
1 22 37
2 22 38
3 22 49
4 22 43
5 22 44
6 22 40
8 22 13
9 22 42
11 22 62
13 22 17
14 22 50
17 22 16
18 22 60
25 22 18
28 22 3
29 22 23
30 22 25
35 22 1
36 22 59
37 22 30
40 22 57
47 22 6
48 22 36
51 22 29
52 22 26
54 22 52
56 22 61
57 22 27
59 22 63
60 22 31
61 22 20
62 22 28
63 22 7
64 22 39
2 23 63
4 23 57
5 23 60
9 23 12
11 23 39
15 23 24
17 23 26
18 23 25
19 23 41
26 23 37
27 23 56
28 23 42
37 23 54
38 23 45
39 23 58
46 23 30
47 23 18
48 23 53
50 23 16
54 23 28
56 23 36
60 23 22
61 23 61
63 23 15
3 24 5
9 24 49
10 24 22
12 24 60
14 24 61
18 24 23
19 24 39
20 24 19
21 24 47
25 24 63
27 24 32
38 24 25
40 24 43
44 24 7
45 24 27
46 24 45
47 24 52
51 24 13
53 24 56
55 24 10
56 24 17
62 24 64
1 25 1
3 25 40
4 25 17
5 25 41
6 25 8
7 25 25
8 25 62
10 25 36
12 25 14
13 25 60
15 25 34
16 25 31
17 25 51
18 25 44
19 25 12
20 25 18
21 25 45
22 25 37
23 25 33
26 25 30
29 25 35
36 25 6
39 25 5
42 25 52
43 25 19
44 25 9
45 25 43
46 25 2
47 25 38
48 25 4
49 25 59
50 25 55
52 25 20
53 25 11
55 25 42
57 25 24
58 25 22
59 25 7
60 25 64
61 25 29
62 25 54
64 25 28
1 26 19
2 26 14
3 26 22
4 26 39
6 26 48
9 26 26
10 26 56
11 26 21
12 26 7
13 26 47
15 26 28
16 26 45
17 26 30
18 26 9
19 26 6
20 26 8
22 26 57
23 26 58
25 26 33
40 26 54
42 26 13
43 26 49
45 26 37
46 26 24
47 26 34
48 26 60
49 26 12
50 26 38
52 26 32
53 26 64
54 26 36
55 26 61
56 26 4
59 26 11
61 26 40
62 26 17
63 26 63
64 26 50
1 27 27
2 27 64
3 27 63
4 27 37
5 27 43
6 27 61
7 27 60
9 27 18
14 27 58
15 27 8
16 27 51
17 27 48
18 27 17
19 27 16
20 27 10
21 27 41
23 27 19
24 27 62
25 27 22
40 27 38
41 27 45
42 27 23
44 27 40
45 27 5
46 27 39
47 27 42
48 27 59
49 27 2
50 27 24
51 27 21
56 27 46
58 27 9
59 27 25
60 27 47
61 27 35
62 27 26
63 27 13
64 27 12
1 28 51
2 28 31
3 28 33
4 28 9
6 28 12
7 28 50
8 28 47
9 28 61
10 28 25
11 28 24
12 28 5
14 28 11
15 28 17
18 28 20
19 28 13
20 28 63
21 28 4
25 28 45
40 28 42
44 28 16
45 28 48
46 28 14
47 28 53
50 28 34
51 28 57
53 28 3
54 28 18
55 28 58
56 28 52
57 28 8
58 28 55
59 28 37
61 28 15
62 28 49
63 28 6
64 28 44
1 29 52
2 29 10
3 29 59
4 29 45
5 29 2
6 29 56
7 29 4
8 29 34
10 29 49
11 29 1
13 29 13
17 29 39
18 29 14
19 29 53
20 29 5
22 29 11
28 29 37
37 29 48
43 29 6
45 29 50
46 29 28
47 29 33
48 29 8
52 29 29
54 29 40
55 29 63
57 29 18
58 29 16
59 29 32
60 29 41
61 29 51
62 29 60
63 29 31
64 29 43
1 30 15
2 30 13
3 30 7
4 30 3
5 30 23
6 30 21
7 30 5
8 30 57
9 30 10
10 30 33
11 30 20
12 30 50
14 30 16
15 30 6
17 30 29
19 30 35
22 30 54
23 30 61
26 30 39
39 30 17
42 30 62
43 30 31
46 30 55
48 30 18
50 30 47
51 30 26
53 30 60
54 30 43
55 30 22
56 30 44
57 30 34
58 30 53
59 30 58
60 30 4
61 30 2
62 30 36
63 30 27
64 30 19
1 31 30
2 31 49
3 31 46
5 31 20
7 31 6
8 31 24
9 31 19
10 31 42
11 31 41
12 31 35
13 31 12
14 31 9
18 31 3
23 31 34
42 31 47
47 31 57
51 31 50
52 31 5
53 31 51
54 31 1
55 31 28
56 31 14
57 31 23
58 31 21
60 31 61
62 31 10
63 31 56
64 31 38
17 32 32
48 32 20
17 33 50
48 33 6
1 34 17
2 34 46
3 34 12
5 34 26
7 34 27
8 34 38
9 34 30
10 34 4
11 34 23
12 34 56
13 34 33
14 34 31
18 34 63
23 34 20
42 34 8
47 34 35
51 34 1
52 34 39
53 34 47
54 34 48
55 34 13
56 34 64
57 34 9
58 34 57
60 34 58
62 34 21
63 34 22
64 34 45
1 35 4
2 35 62
3 35 54
4 35 25
5 35 28
6 35 50
7 35 10
8 35 31
9 35 63
10 35 3
11 35 59
12 35 8
14 35 1
15 35 16
17 35 49
19 35 52
22 35 7
23 35 57
26 35 24
39 35 47
42 35 17
43 35 26
46 35 36
48 35 13
50 35 44
51 35 35
53 35 55
54 35 33
55 35 38
56 35 9
57 35 32
58 35 5
59 35 43
60 35 39
61 35 23
62 35 53
63 35 14
64 35 41
1 36 32
2 36 15
3 36 23
4 36 53
5 36 11
6 36 29
7 36 13
8 36 33
10 36 46
11 36 35
13 36 5
17 36 12
18 36 62
19 36 18
20 36 22
22 36 30
28 36 58
37 36 3
43 36 47
45 36 42
46 36 19
47 36 9
48 36 39
52 36 41
54 36 6
55 36 56
57 36 63
58 36 44
59 36 50
60 36 59
61 36 52
62 36 55
63 36 48
64 36 26
1 37 14
2 37 57
3 37 56
4 37 8
6 37 22
7 37 3
8 37 60
9 37 21
10 37 52
11 37 27
12 37 62
14 37 29
15 37 26
18 37 61
19 37 58
20 37 31
21 37 48
25 37 43
40 37 7
44 37 55
45 37 1
46 37 64
47 37 4
50 37 17
51 37 51
53 37 2
54 37 53
55 37 30
56 37 20
57 37 6
58 37 46
59 37 47
61 37 13
62 37 19
63 37 36
64 37 18
1 38 5
2 38 45
3 38 21
4 38 42
5 38 9
6 38 59
7 38 2
9 38 28
14 38 7
15 38 43
16 38 13
17 38 8
18 38 39
19 38 51
20 38 55
21 38 38
23 38 25
24 38 64
25 38 29
40 38 49
41 38 54
42 38 41
44 38 60
45 38 15
46 38 32
47 38 56
48 38 57
49 38 40
50 38 36
51 38 11
56 38 26
58 38 4
59 38 31
60 38 34
61 38 3
62 38 1
63 38 61
64 38 27
1 39 39
2 39 52
3 39 61
4 39 44
6 39 30
9 39 38
10 39 37
11 39 47
12 39 48
13 39 2
15 39 10
16 39 54
17 39 41
18 39 6
19 39 43
20 39 13
22 39 9
23 39 23
25 39 17
40 39 59
42 39 5
43 39 11
45 39 25
46 39 22
47 39 21
48 39 12
49 39 60
50 39 15
52 39 8
53 39 62
54 39 32
55 39 16
56 39 57
59 39 64
61 39 7
62 39 35
63 39 40
64 39 56
1 40 35
3 40 55
4 40 58
5 40 63
6 40 43
7 40 41
8 40 20
10 40 6
12 40 45
13 40 39
15 40 19
16 40 32
17 40 53
18 40 33
19 40 1
20 40 26
21 40 46
22 40 15
23 40 5
26 40 22
29 40 61
36 40 29
39 40 13
42 40 48
43 40 51
44 40 37
45 40 59
46 40 49
47 40 27
48 40 38
49 40 54
50 40 31
52 40 28
53 40 7
55 40 25
57 40 10
58 40 24
59 40 62
60 40 30
61 40 17
62 40 8
64 40 16
3 41 1
9 41 31
10 41 27
12 41 25
14 41 45
18 41 40
19 41 64
20 41 20
21 41 30
25 41 57
27 41 59
38 41 11
40 41 5
44 41 32
45 41 36
46 41 56
47 41 19
51 41 55
53 41 46
55 41 41
56 41 62
62 41 14
2 42 8
4 42 21
5 42 13
9 42 9
11 42 58
15 42 38
17 42 43
18 42 56
19 42 59
26 42 10
27 42 60
28 42 32
37 42 19
38 42 29
39 42 52
46 42 48
47 42 55
48 42 49
50 42 57
54 42 27
56 42 31
60 42 2
61 42 45
63 42 16
1 43 64
2 43 39
3 43 11
4 43 5
5 43 34
6 43 58
8 43 45
9 43 41
11 43 33
13 43 19
14 43 21
17 43 15
18 43 22
25 43 49
28 43 55
29 43 47
30 43 43
35 43 62
36 43 1
37 43 26
40 43 27
47 43 8
48 43 23
51 43 3
52 43 52
54 43 17
56 43 53
57 43 44
59 43 61
60 43 40
61 43 24
62 43 4
63 43 51
64 43 30
1 44 31
3 44 15
4 44 30
5 44 46
6 44 19
7 44 55
8 44 14
9 44 51
10 44 62
11 44 60
12 44 17
14 44 49
15 44 52
16 44 40
21 44 10
23 44 37
24 44 34
27 44 61
28 44 45
30 44 39
35 44 20
37 44 47
38 44 9
41 44 11
42 44 64
44 44 1
49 44 32
50 44 6
51 44 25
53 44 8
54 44 22
55 44 43
56 44 29
57 44 35
58 44 63
59 44 33
60 44 7
61 44 12
62 44 38
64 44 5
1 45 56
2 45 59
3 45 42
4 45 48
6 45 54
7 45 47
8 45 29
9 45 44
10 45 55
11 45 12
12 45 11
13 45 14
15 45 15
17 45 62
18 45 57
19 45 49
20 45 51
25 45 13
26 45 27
28 45 7
29 45 19
30 45 3
35 45 16
36 45 43
37 45 22
39 45 45
40 45 17
45 45 4
46 45 20
47 45 61
48 45 28
50 45 18
52 45 21
53 45 34
54 45 35
55 45 40
56 45 39
57 45 64
58 45 26
59 45 1
61 45 8
62 45 23
63 45 41
64 45 58
1 46 57
3 46 28
5 46 32
7 46 44
9 46 2
10 46 54
11 46 5
14 46 35
15 46 46
16 46 8
17 46 19
20 46 21
21 46 16
22 46 39
24 46 53
26 46 62
27 46 1
28 46 33
29 46 40
30 46 17
35 46 55
36 46 51
37 46 6
38 46 15
39 46 64
41 46 52
43 46 41
44 46 31
45 46 22
48 46 34
49 46 9
50 46 59
51 46 14
54 46 60
55 46 48
56 46 45
58 46 47
60 46 56
62 46 43
64 46 37
1 47 41
2 47 6
3 47 43
4 47 24
5 47 16
7 47 36
10 47 7
11 47 42
12 47 22
13 47 57
16 47 47
17 47 25
18 47 18
20 47 54
21 47 58
23 47 12
25 47 30
26 47 48
27 47 21
28 47 35
29 47 14
31 47 20
34 47 40
36 47 39
37 47 4
38 47 61
39 47 8
40 47 53
42 47 38
44 47 62
45 47 3
47 47 26
48 47 15
49 47 51
52 47 49
53 47 10
54 47 2
55 47 19
58 47 52
60 47 55
61 47 31
62 47 11
63 47 46
64 47 9
1 48 9
2 48 40
3 48 18
4 48 61
5 48 38
6 48 4
7 48 22
8 48 63
9 48 20
10 48 30
11 48 3
13 48 10
19 48 44
20 48 23
22 48 48
24 48 8
26 48 52
27 48 11
28 48 12
29 48 41
31 48 37
34 48 42
36 48 31
37 48 59
38 48 34
39 48 33
41 48 43
43 48 60
45 48 46
46 48 35
52 48 50
54 48 5
55 48 26
56 48 16
57 48 49
58 48 19
59 48 57
60 48 32
61 48 39
62 48 27
63 48 62
64 48 36
2 49 27
4 49 11
6 49 13
10 49 17
11 49 53
12 49 63
13 49 29
14 49 55
18 49 21
19 49 9
21 49 60
22 49 6
25 49 37
26 49 45
30 49 33
31 49 57
34 49 32
35 49 30
39 49 51
40 49 34
43 49 35
44 49 49
46 49 61
47 49 46
51 49 64
52 49 36
53 49 25
54 49 16
55 49 50
59 49 48
61 49 43
63 49 42
1 50 44
2 50 41
6 50 26
8 50 25
9 50 15
10 50 9
11 50 2
12 50 19
13 50 36
21 50 56
22 50 23
23 50 50
25 50 55
26 50 61
27 50 42
28 50 54
29 50 39
30 50 59
35 50 60
36 50 22
37 50 62
38 50 16
39 50 57
40 50 40
42 50 63
43 50 5
44 50 12
52 50 48
53 50 30
54 50 37
55 50 3
56 50 18
57 50 7
59 50 4
63 50 33
64 50 8
1 51 58
2 51 43
3 51 53
4 51 28
5 51 57
10 51 50
11 51 26
17 51 2
18 51 42
19 51 32
21 51 25
23 51 41
25 51 5
27 51 7
29 51 56
30 51 15
31 51 35
34 51 38
35 51 63
36 51 21
38 51 49
40 51 9
42 51 44
44 51 23
46 51 33
47 51 22
48 51 16
54 51 20
55 51 60
60 51 54
61 51 6
62 51 13
63 51 24
64 51 1
1 52 61
3 52 45
5 52 49
6 52 32
8 52 5
9 52 25
10 52 43
12 52 42
13 52 59
14 52 30
19 52 38
20 52 3
21 52 33
23 52 51
25 52 36
26 52 2
28 52 13
30 52 26
31 52 6
34 52 48
35 52 8
37 52 23
39 52 53
40 52 50
42 52 14
44 52 56
45 52 47
46 52 10
51 52 7
52 52 58
53 52 39
55 52 62
56 52 1
57 52 31
59 52 40
60 52 57
62 52 18
64 52 29
2 53 2
3 53 34
4 53 63
5 53 15
6 53 64
7 53 33
9 53 24
12 53 23
14 53 10
15 53 21
17 53 40
18 53 13
19 53 46
20 53 53
21 53 17
23 53 1
25 53 3
26 53 18
27 53 8
28 53 20
30 53 62
31 53 25
34 53 4
35 53 54
37 53 43
38 53 42
39 53 7
40 53 55
42 53 29
44 53 38
45 53 57
46 53 50
47 53 30
48 53 48
50 53 5
51 53 47
53 53 28
56 53 32
58 53 14
59 53 39
60 53 52
61 53 22
62 53 9
63 53 37
1 54 16
3 54 39
4 54 50
5 54 42
6 54 47
7 54 40
9 54 6
10 54 57
11 54 13
12 54 28
13 54 7
15 54 18
16 54 20
17 54 55
18 54 31
19 54 61
20 54 11
22 54 12
24 54 26
25 54 48
26 54 51
27 54 53
31 54 41
34 54 5
38 54 64
39 54 59
40 54 29
41 54 37
43 54 27
45 54 62
46 54 58
47 54 54
48 54 19
49 54 44
50 54 22
52 54 9
53 54 14
54 54 8
55 54 46
56 54 63
58 54 23
59 54 21
60 54 17
61 54 30
62 54 34
64 54 25
1 55 62
2 55 12
3 55 3
4 55 55
5 55 24
6 55 46
7 55 30
8 55 37
9 55 56
12 55 1
13 55 38
14 55 60
15 55 27
16 55 39
17 55 58
18 55 54
19 55 22
21 55 5
22 55 64
23 55 48
25 55 32
26 55 63
27 55 34
28 55 9
30 55 40
31 55 44
34 55 25
35 55 11
37 55 13
38 55 20
39 55 14
40 55 36
42 55 2
43 55 28
44 55 4
46 55 43
47 55 7
48 55 41
49 55 6
50 55 29
51 55 33
52 55 23
53 55 17
56 55 42
57 55 61
58 55 59
59 55 16
60 55 45
61 55 10
62 55 15
63 55 26
64 55 53
1 56 18
2 56 4
3 56 9
5 56 22
7 56 38
8 56 23
9 56 54
10 56 51
11 56 40
13 56 44
14 56 48
15 56 45
16 56 34
17 56 63
20 56 28
21 56 62
23 56 16
24 56 24
25 56 47
26 56 21
27 56 30
28 56 17
31 56 19
34 56 6
37 56 1
38 56 27
39 56 61
40 56 58
41 56 25
42 56 36
44 56 20
45 56 11
48 56 42
49 56 41
50 56 53
51 56 10
52 56 31
54 56 13
55 56 57
56 56 43
57 56 56
58 56 50
60 56 46
62 56 2
63 56 5
64 56 64
1 57 47
2 57 30
3 57 20
4 57 15
9 57 57
10 57 61
12 57 37
13 57 16
17 57 21
18 57 49
20 57 9
22 57 62
25 57 28
26 57 13
27 57 26
28 57 59
29 57 53
30 57 35
31 57 14
34 57 39
35 57 36
36 57 3
37 57 31
38 57 43
39 57 46
40 57 51
43 57 33
45 57 41
47 57 45
48 57 55
52 57 6
53 57 32
55 57 24
56 57 50
61 57 64
62 57 12
63 57 60
64 57 48
1 58 50
2 58 18
3 58 41
5 58 7
9 58 14
14 58 13
17 58 20
20 58 56
21 58 11
23 58 15
25 58 51
26 58 64
27 58 2
29 58 31
30 58 23
31 58 32
34 58 30
35 58 40
36 58 54
38 58 48
39 58 19
40 58 16
42 58 57
44 58 8
45 58 61
48 58 43
51 58 28
56 58 27
60 58 26
62 58 46
63 58 29
64 58 33
1 59 10
3 59 38
4 59 56
5 59 37
7 59 48
9 59 53
10 59 23
11 59 8
12 59 18
14 59 22
17 59 59
19 59 54
20 59 42
22 59 35
25 59 27
26 59 19
27 59 9
28 59 39
29 59 43
30 59 20
31 59 17
34 59 7
35 59 52
36 59 58
37 59 5
38 59 60
39 59 1
40 59 45
43 59 40
45 59 21
46 59 11
48 59 47
51 59 62
53 59 33
54 59 61
55 59 36
56 59 25
58 59 31
60 59 63
61 59 49
62 59 44
64 59 55
1 60 63
2 60 28
3 60 35
6 60 33
8 60 64
10 60 11
11 60 30
14 60 46
15 60 58
17 60 37
19 60 47
20 60 4
21 60 53
22 60 19
25 60 21
26 60 56
27 60 29
28 60 5
29 60 22
30 60 18
35 60 44
36 60 15
37 60 14
38 60 41
39 60 55
40 60 6
43 60 2
44 60 39
45 60 9
46 60 17
48 60 10
50 60 1
51 60 31
54 60 57
55 60 59
57 60 3
59 60 36
62 60 16
63 60 20
64 60 40
1 61 6
2 61 25
6 61 55
7 61 58
8 61 36
9 61 43
10 61 21
12 61 34
14 61 17
15 61 47
16 61 5
17 61 64
18 61 26
20 61 1
21 61 3
22 61 44
25 61 16
26 61 42
27 61 40
28 61 11
29 61 33
30 61 7
31 61 12
34 61 59
35 61 22
36 61 32
37 61 63
38 61 53
39 61 49
40 61 61
43 61 38
44 61 46
45 61 51
47 61 23
48 61 14
49 61 52
50 61 19
51 61 9
53 61 29
55 61 18
56 61 60
57 61 54
58 61 56
59 61 15
63 61 28
64 61 24
1 62 40
2 62 51
3 62 62
4 62 46
7 62 61
9 62 4
10 62 32
11 62 48
12 62 59
13 62 41
14 62 56
16 62 50
17 62 5
19 62 27
21 62 39
24 62 28
26 62 58
27 62 24
28 62 38
29 62 3
30 62 63
31 62 49
34 62 33
35 62 25
36 62 35
37 62 34
38 62 47
39 62 9
41 62 12
44 62 13
46 62 1
48 62 31
49 62 37
51 62 8
52 62 22
53 62 26
54 62 15
55 62 53
56 62 54
58 62 10
61 62 21
62 62 30
63 62 18
64 62 57
1 63 43
2 63 53
4 63 34
5 63 1
6 63 5
7 63 21
8 63 8
9 63 33
10 63 24
11 63 31
13 63 52
14 63 6
15 63 62
17 63 17
18 63 36
19 63 63
20 63 38
21 63 51
22 63 22
23 63 46
25 63 4
26 63 15
27 63 57
28 63 25
29 63 54
30 63 37
31 63 47
34 63 50
35 63 10
36 63 2
37 63 29
38 63 26
39 63 11
40 63 12
42 63 56
43 63 59
44 63 28
45 63 64
46 63 18
47 63 3
48 63 7
50 63 49
51 63 58
52 63 13
54 63 14
55 63 39
56 63 55
57 63 42
58 63 32
59 63 41
60 63 23
61 63 19
63 63 9
64 63 61
3 64 52
4 64 49
5 64 45
6 64 3
7 64 16
8 64 9
9 64 39
10 64 2
12 64 15
14 64 19
15 64 64
16 64 42
17 64 34
18 64 50
19 64 31
21 64 24
22 64 33
24 64 43
25 64 41
26 64 60
27 64 62
28 64 8
29 64 6
30 64 46
31 64 30
34 64 13
35 64 57
36 64 56
37 64 37
38 64 21
39 64 23
40 64 20
41 64 35
43 64 53
44 64 44
46 64 63
47 64 25
48 64 29
49 64 7
50 64 48
51 64 4
53 64 12
55 64 5
56 64 10
57 64 58
58 64 11
59 64 17
60 64 38
61 64 27
62 64 59
