16
106
2 1 11
3 1 9
4 1 16
5 1 14
6 1 3
7 1 1
10 1 5
11 1 2
14 1 8
4 2 14
5 2 4
6 2 15
7 2 6
9 2 12
13 2 2
16 2 3
1 3 15
6 3 2
8 3 11
9 3 13
11 3 1
15 3 5
16 3 4
5 4 5
6 4 7
9 4 3
10 4 8
16 4 9
1 5 11
2 5 12
6 5 5
13 5 8
14 5 9
16 5 7
1 6 3
13 6 10
15 6 4
16 6 13
1 7 1
2 7 5
3 7 7
4 7 4
11 7 6
12 7 14
14 7 12
15 7 2
16 7 15
1 8 8
2 8 14
3 8 6
4 8 2
5 8 9
12 8 10
5 9 3
12 9 2
13 9 7
14 9 13
15 9 9
16 9 1
1 10 2
2 10 7
3 10 5
5 10 10
6 10 6
13 10 4
14 10 3
15 10 15
16 10 12
1 11 6
2 11 16
4 11 11
16 11 2
1 12 13
3 12 4
4 12 9
11 12 5
15 12 10
16 12 6
1 13 12
7 13 3
8 13 2
11 13 16
12 13 4
1 14 9
2 14 4
6 14 10
8 14 12
9 14 14
11 14 15
16 14 11
1 15 16
4 15 3
8 15 5
10 15 6
11 15 11
12 15 13
13 15 15
3 16 10
6 16 16
7 16 15
10 16 7
11 16 9
12 16 12
13 16 13
14 16 4
15 16 3
