81
4012
5 1 62
6 1 28
7 1 25
9 1 20
11 1 65
12 1 63
13 1 74
14 1 52
15 1 72
16 1 69
17 1 73
18 1 14
19 1 29
20 1 38
22 1 79
24 1 59
25 1 22
26 1 3
27 1 16
29 1 27
30 1 44
31 1 7
32 1 5
33 1 60
34 1 33
35 1 40
36 1 81
37 1 49
38 1 48
39 1 57
40 1 19
41 1 37
42 1 21
43 1 58
44 1 36
45 1 50
46 1 9
47 1 64
48 1 35
49 1 66
50 1 47
51 1 68
52 1 8
53 1 75
55 1 53
56 1 67
57 1 6
58 1 51
60 1 18
62 1 42
63 1 77
64 1 2
65 1 43
66 1 17
67 1 56
68 1 10
69 1 15
70 1 26
71 1 23
73 1 11
75 1 39
76 1 78
77 1 24
6 2 76
7 2 42
9 2 40
10 2 64
11 2 51
12 2 23
14 2 39
15 2 20
16 2 17
17 2 79
18 2 81
19 2 50
20 2 73
22 2 26
23 2 14
24 2 63
25 2 53
26 2 55
28 2 49
29 2 43
31 2 31
32 2 41
33 2 48
34 2 61
35 2 57
36 2 11
37 2 45
38 2 80
39 2 5
40 2 34
42 2 33
43 2 70
44 2 4
45 2 10
46 2 22
47 2 58
48 2 18
49 2 15
50 2 56
51 2 6
53 2 1
54 2 21
56 2 28
57 2 59
58 2 9
59 2 7
60 2 44
62 2 13
63 2 30
64 2 37
65 2 69
66 2 25
67 2 77
68 2 16
70 2 71
71 2 36
72 2 68
73 2 72
75 2 8
76 2 29
5 3 45
8 3 9
10 3 68
11 3 56
13 3 35
14 3 57
15 3 26
16 3 24
17 3 15
18 3 2
19 3 69
21 3 30
22 3 60
23 3 52
24 3 76
25 3 8
26 3 20
27 3 48
30 3 16
31 3 4
32 3 79
33 3 70
34 3 19
35 3 59
36 3 13
38 3 32
39 3 77
40 3 39
41 3 1
42 3 40
43 3 71
44 3 27
46 3 14
47 3 3
48 3 72
49 3 54
50 3 53
51 3 50
52 3 41
55 3 64
56 3 55
57 3 43
58 3 66
59 3 65
60 3 5
61 3 62
63 3 73
64 3 47
65 3 49
66 3 75
67 3 31
68 3 6
69 3 67
71 3 63
72 3 81
74 3 34
77 3 42
1 4 3
3 4 49
7 4 55
8 4 24
9 4 57
11 4 76
13 4 75
15 4 4
16 4 70
17 4 34
18 4 21
19 4 58
20 4 43
22 4 56
23 4 77
25 4 9
26 4 64
27 4 40
28 4 20
30 4 25
31 4 36
32 4 47
33 4 8
34 4 65
35 4 28
36 4 71
37 4 62
38 4 59
39 4 35
40 4 79
41 4 15
42 4 51
43 4 7
44 4 42
45 4 81
46 4 69
47 4 29
48 4 13
49 4 32
50 4 80
51 4 23
52 4 30
54 4 74
55 4 31
56 4 39
57 4 19
59 4 16
60 4 61
62 4 38
63 4 1
64 4 72
65 4 54
66 4 22
67 4 27
69 4 48
71 4 11
73 4 46
74 4 67
75 4 52
79 4 26
81 4 2
1 5 77
2 5 47
3 5 26
8 5 34
14 5 67
15 5 29
16 5 66
17 5 45
18 5 25
19 5 42
21 5 27
23 5 80
24 5 31
25 5 49
26 5 81
27 5 5
29 5 6
30 5 55
31 5 24
32 5 73
33 5 51
34 5 2
35 5 74
36 5 32
37 5 65
38 5 12
39 5 11
40 5 46
42 5 9
43 5 28
44 5 22
45 5 17
46 5 70
47 5 20
48 5 16
49 5 7
50 5 62
51 5 43
52 5 76
53 5 63
55 5 57
56 5 71
57 5 23
58 5 58
59 5 72
61 5 48
63 5 78
64 5 33
65 5 61
66 5 19
67 5 35
68 5 38
74 5 40
79 5 36
80 5 1
81 5 10
2 6 8
9 6 81
13 6 71
14 6 12
15 6 18
16 6 55
17 6 47
18 6 77
21 6 46
23 6 4
24 6 66
26 6 37
27 6 35
28 6 23
29 6 72
30 6 52
31 6 53
32 6 76
33 6 9
34 6 54
35 6 62
36 6 38
38 6 13
39 6 20
40 6 73
41 6 30
42 6 68
43 6 16
44 6 56
46 6 5
47 6 42
48 6 57
49 6 39
50 6 67
51 6 11
52 6 25
53 6 26
54 6 31
55 6 14
56 6 10
58 6 3
59 6 49
61 6 75
64 6 51
65 6 64
66 6 60
67 6 32
68 6 28
69 6 58
73 6 80
80 6 21
1 7 64
2 7 51
3 7 72
4 7 21
6 7 27
9 7 43
15 7 22
16 7 8
17 7 50
18 7 11
20 7 67
21 7 70
23 7 2
24 7 17
26 7 7
27 7 54
29 7 66
31 7 80
32 7 58
33 7 15
34 7 30
35 7 75
36 7 39
38 7 31
39 7 44
40 7 24
42 7 26
43 7 60
44 7 76
46 7 71
47 7 49
48 7 45
49 7 40
50 7 10
51 7 77
53 7 48
55 7 33
56 7 34
58 7 4
59 7 79
61 7 25
62 7 37
64 7 1
65 7 78
66 7 53
67 7 14
73 7 9
76 7 18
78 7 13
79 7 28
80 7 63
81 7 5
1 8 23
2 8 30
3 8 61
4 8 74
5 8 48
6 8 16
13 8 80
14 8 28
15 8 40
16 8 46
17 8 58
22 8 39
23 8 62
24 8 15
25 8 10
26 8 71
27 8 68
31 8 1
33 8 26
34 8 56
35 8 67
36 8 64
37 8 63
40 8 25
41 8 69
42 8 75
45 8 8
46 8 79
47 8 33
48 8 4
49 8 12
51 8 17
55 8 41
56 8 29
57 8 45
58 8 76
59 8 81
60 8 52
65 8 18
66 8 5
67 8 7
68 8 21
69 8 3
76 8 54
77 8 77
78 8 47
79 8 32
80 8 27
81 8 43
1 9 67
2 9 1
3 9 78
12 9 7
15 9 33
16 9 32
17 9 49
18 9 48
22 9 23
23 9 24
24 9 65
25 9 28
26 9 18
27 9 11
30 9 77
32 9 45
33 9 63
34 9 3
35 9 17
36 9 12
38 9 53
40 9 2
42 9 47
44 9 64
46 9 34
47 9 61
48 9 73
49 9 60
50 9 81
52 9 44
55 9 56
56 9 35
57 9 50
58 9 21
59 9 26
60 9 46
64 9 8
65 9 30
66 9 59
67 9 57
70 9 40
79 9 22
80 9 79
81 9 62
1 10 71
2 10 16
3 10 47
13 10 21
15 10 55
17 10 38
18 10 80
19 10 30
20 10 68
21 10 49
22 10 1
23 10 44
26 10 39
27 10 53
28 10 24
29 10 15
30 10 81
31 10 13
32 10 26
33 10 32
34 10 50
35 10 79
36 10 18
37 10 59
38 10 42
39 10 51
40 10 52
41 10 60
42 10 64
43 10 12
44 10 73
45 10 31
46 10 29
47 10 75
48 10 19
49 10 69
50 10 70
51 10 25
52 10 54
53 10 20
54 10 23
55 10 45
56 10 3
59 10 41
60 10 7
61 10 66
62 10 34
63 10 72
64 10 61
65 10 11
67 10 76
69 10 33
79 10 6
80 10 2
81 10 57
5 11 35
7 11 18
10 11 81
14 11 4
16 11 51
17 11 63
19 11 52
20 11 5
21 11 10
23 11 78
24 11 72
26 11 9
27 11 36
29 11 73
30 11 29
31 11 60
32 11 44
33 11 55
34 11 23
35 11 54
37 11 1
38 11 74
39 11 37
40 11 13
41 11 7
42 11 17
43 11 68
44 11 11
45 11 20
47 11 59
48 11 21
49 11 47
50 11 6
51 11 31
52 11 79
53 11 50
55 11 16
56 11 46
58 11 19
59 11 14
61 11 38
62 11 56
63 11 48
65 11 70
66 11 34
68 11 41
72 11 8
75 11 69
77 11 62
1 12 39
3 12 23
5 12 65
6 12 20
15 12 60
16 12 19
17 12 5
21 12 75
22 12 8
24 12 81
25 12 15
26 12 59
27 12 24
28 12 6
29 12 74
31 12 40
32 12 63
33 12 80
34 12 62
35 12 45
36 12 41
37 12 61
38 12 58
39 12 22
43 12 35
44 12 66
45 12 57
46 12 68
47 12 7
48 12 42
49 12 44
50 12 34
51 12 3
53 12 49
54 12 38
55 12 52
56 12 32
57 12 1
58 12 26
60 12 12
61 12 31
65 12 25
66 12 36
67 12 17
76 12 71
77 12 48
79 12 18
81 12 29
1 13 60
3 13 21
4 13 51
6 13 42
7 13 19
8 13 1
11 13 58
17 13 44
18 13 15
20 13 63
21 13 76
22 13 55
23 13 70
24 13 29
25 13 18
27 13 74
29 13 14
30 13 57
32 13 59
33 13 34
34 13 12
35 13 49
36 13 66
37 13 71
39 13 50
40 13 54
41 13 62
42 13 78
43 13 43
45 13 4
46 13 32
47 13 67
48 13 53
49 13 26
50 13 8
52 13 5
53 13 56
55 13 69
57 13 25
58 13 61
59 13 73
60 13 47
61 13 28
62 13 2
64 13 3
65 13 23
71 13 7
74 13 41
75 13 9
76 13 40
78 13 33
79 13 20
81 13 11
1 14 57
2 14 50
4 14 7
5 14 9
6 14 14
7 14 44
9 14 26
10 14 11
11 14 70
20 14 17
23 14 45
24 14 23
25 14 33
26 14 51
27 14 32
28 14 2
29 14 42
30 14 58
33 14 47
34 14 16
35 14 20
36 14 22
37 14 24
38 14 38
39 14 72
40 14 53
42 14 8
43 14 46
44 14 67
45 14 76
46 14 60
47 14 80
48 14 30
49 14 81
52 14 36
53 14 77
54 14 10
55 14 75
56 14 43
57 14 63
58 14 71
59 14 18
62 14 68
71 14 62
72 14 55
73 14 27
75 14 1
76 14 13
77 14 3
78 14 31
80 14 52
81 14 66
1 15 63
2 15 11
3 15 31
4 15 6
5 15 33
7 15 73
8 15 37
9 15 32
10 15 24
12 15 71
13 15 45
14 15 68
20 15 25
21 15 79
22 15 69
24 15 58
25 15 34
26 15 57
27 15 3
30 15 7
32 15 38
33 15 4
35 15 10
37 15 55
40 15 26
41 15 23
42 15 80
45 15 65
47 15 28
49 15 52
50 15 2
52 15 78
55 15 20
56 15 27
57 15 62
58 15 22
60 15 51
61 15 40
62 15 35
68 15 60
69 15 81
70 15 16
72 15 75
73 15 74
74 15 42
75 15 36
77 15 39
78 15 53
79 15 61
80 15 12
81 15 14
1 16 80
2 16 27
3 16 5
4 16 64
5 16 59
6 16 10
8 16 3
9 16 69
10 16 75
11 16 18
12 16 67
22 16 4
23 16 7
26 16 66
27 16 61
29 16 51
30 16 8
31 16 25
33 16 31
35 16 11
36 16 78
38 16 45
39 16 19
40 16 41
42 16 30
43 16 77
44 16 33
46 16 35
47 16 55
49 16 62
51 16 12
52 16 73
53 16 37
55 16 58
56 16 65
59 16 17
60 16 74
70 16 20
71 16 43
72 16 48
73 16 47
74 16 49
76 16 81
77 16 60
78 16 32
79 16 21
80 16 28
81 16 16
1 17 76
2 17 2
3 17 58
4 17 34
5 17 13
6 17 72
7 17 30
9 17 41
10 17 16
11 17 3
12 17 56
13 17 59
14 17 53
20 17 42
25 17 77
27 17 27
30 17 19
32 17 52
34 17 28
35 17 61
36 17 1
37 17 79
38 17 70
40 17 29
42 17 63
44 17 40
45 17 32
46 17 45
47 17 15
48 17 66
50 17 9
52 17 71
55 17 81
57 17 80
62 17 49
68 17 39
69 17 65
70 17 24
71 17 6
72 17 57
73 17 50
75 17 68
76 17 8
77 17 73
78 17 46
79 17 43
80 17 54
81 17 38
1 18 75
2 18 68
3 18 29
4 18 55
5 18 8
7 18 52
9 18 74
10 18 30
11 18 42
12 18 32
13 18 2
14 18 76
17 18 78
22 18 31
23 18 12
24 18 21
25 18 41
26 18 19
27 18 73
30 18 64
33 18 5
34 18 67
35 18 46
39 18 3
40 18 69
42 18 18
43 18 81
47 18 22
48 18 51
49 18 17
52 18 57
55 18 54
56 18 4
57 18 33
58 18 39
59 18 60
60 18 24
65 18 80
68 18 53
69 18 66
70 18 45
71 18 58
72 18 44
73 18 23
75 18 79
77 18 56
78 18 70
79 18 34
80 18 59
81 18 26
1 19 73
2 19 49
4 19 76
6 19 77
22 19 72
25 19 42
26 19 29
27 19 34
28 19 12
29 19 52
31 19 79
32 19 40
33 19 1
34 19 58
35 19 30
36 19 75
38 19 15
39 19 17
40 19 61
41 19 3
42 19 65
43 19 64
44 19 48
46 19 51
47 19 18
48 19 25
49 19 45
50 19 78
51 19 20
53 19 27
54 19 60
55 19 35
56 19 23
57 19 46
60 19 19
76 19 24
78 19 50
80 19 74
81 19 55
1 20 42
3 20 32
7 20 22
9 20 29
10 20 61
11 20 9
12 20 47
19 20 33
24 20 28
25 20 79
26 20 76
27 20 81
28 20 66
30 20 4
31 20 71
33 20 43
34 20 46
35 20 68
37 20 56
38 20 50
39 20 49
41 20 24
43 20 53
44 20 26
45 20 41
47 20 11
48 20 58
49 20 73
51 20 80
52 20 70
54 20 19
55 20 1
56 20 44
57 20 64
58 20 37
63 20 16
70 20 18
71 20 10
72 20 74
73 20 67
75 20 34
79 20 7
81 20 3
2 21 57
3 21 62
4 21 13
5 21 4
6 21 31
8 21 5
9 21 70
11 21 44
13 21 77
14 21 40
17 21 46
20 21 78
25 21 50
26 21 21
29 21 36
30 21 23
31 21 26
34 21 51
35 21 72
36 21 3
37 21 68
38 21 79
40 21 81
41 21 75
42 21 2
44 21 47
45 21 11
46 21 24
47 21 10
48 21 69
51 21 29
52 21 1
53 21 34
56 21 53
57 21 60
62 21 43
65 21 76
68 21 56
69 21 41
71 21 55
73 21 19
74 21 59
76 21 61
77 21 16
78 21 54
79 21 66
80 21 30
1 22 26
2 22 72
3 22 75
4 22 12
5 22 60
6 22 79
7 22 9
10 22 34
11 22 41
12 22 52
13 22 24
15 22 65
16 22 2
18 22 10
19 22 17
27 22 4
29 22 64
31 22 5
32 22 16
33 22 29
34 22 69
35 22 31
36 22 77
37 22 73
39 22 78
40 22 37
42 22 19
43 22 76
45 22 54
46 22 39
47 22 81
48 22 15
49 22 3
50 22 48
51 22 57
53 22 6
55 22 11
63 22 8
64 22 80
66 22 30
67 22 61
69 22 23
70 22 50
71 22 25
72 22 43
75 22 28
76 22 27
77 22 49
78 22 20
79 22 63
80 22 18
81 22 51
1 23 2
2 23 44
3 23 6
4 23 37
5 23 38
8 23 7
10 23 50
12 23 31
13 23 73
14 23 62
16 23 1
20 23 40
21 23 41
31 23 55
33 23 76
34 23 34
36 23 15
37 23 8
39 23 23
40 23 63
41 23 9
42 23 22
43 23 30
45 23 74
46 23 36
48 23 47
49 23 64
51 23 4
61 23 20
62 23 71
66 23 49
68 23 75
69 23 26
70 23 70
72 23 77
74 23 5
77 23 14
78 23 52
79 23 81
80 23 56
81 23 35
1 24 46
2 24 15
3 24 69
4 24 71
5 24 47
7 24 21
9 24 68
10 24 79
11 24 75
12 24 49
13 24 8
15 24 6
16 24 56
18 24 16
19 24 26
23 24 53
33 24 57
34 24 24
35 24 44
36 24 59
37 24 7
39 24 60
40 24 72
42 24 55
43 24 39
45 24 14
46 24 37
47 24 77
48 24 40
49 24 33
59 24 4
63 24 13
64 24 11
66 24 38
67 24 3
69 24 64
70 24 51
71 24 81
72 24 73
73 24 70
75 24 42
77 24 80
78 24 41
79 24 58
80 24 62
81 24 78
1 25 56
2 25 28
3 25 45
4 25 40
5 25 67
6 25 35
7 25 10
8 25 23
9 25 52
10 25 18
12 25 29
13 25 30
14 25 43
15 25 63
16 25 11
18 25 42
19 25 77
21 25 61
22 25 71
31 25 49
33 25 27
34 25 20
35 25 53
37 25 66
41 25 38
45 25 16
47 25 72
48 25 26
49 25 13
51 25 46
60 25 81
61 25 9
63 25 3
64 25 12
66 25 24
67 25 1
68 25 7
69 25 34
70 25 47
72 25 17
73 25 22
74 25 65
75 25 73
76 25 48
77 25 37
78 25 36
79 25 39
80 25 32
81 25 68
1 26 17
2 26 34
3 26 55
4 26 16
6 26 74
7 26 24
8 26 81
10 26 48
11 26 23
12 26 68
13 26 3
14 26 72
15 26 71
16 26 57
17 26 76
18 26 28
19 26 73
20 26 32
22 26 63
23 26 20
32 26 8
33 26 18
34 26 60
35 26 39
37 26 10
39 26 67
41 26 13
43 26 27
45 26 69
47 26 41
48 26 52
49 26 50
50 26 22
59 26 5
60 26 66
62 26 40
63 26 75
64 26 58
65 26 6
66 26 9
67 26 65
68 26 33
69 26 78
70 26 62
71 26 37
72 26 36
74 26 79
75 26 77
76 26 31
78 26 38
79 26 4
80 26 53
81 26 46
1 27 54
2 27 41
3 27 43
4 27 27
5 27 11
6 27 80
7 27 39
8 27 36
9 27 3
10 27 22
11 27 4
13 27 32
14 27 38
15 27 64
16 27 58
17 27 51
20 27 1
30 27 6
32 27 35
33 27 37
34 27 73
36 27 47
37 27 33
39 27 40
41 27 5
43 27 62
45 27 70
46 27 63
48 27 49
49 27 67
50 27 28
52 27 9
62 27 18
65 27 52
66 27 42
67 27 60
68 27 44
69 27 53
71 27 16
72 27 46
73 27 13
74 27 76
75 27 72
76 27 2
77 27 17
78 27 26
79 27 12
80 27 10
81 27 8
1 28 44
3 28 28
4 28 8
5 28 49
6 28 46
11 28 35
12 28 78
14 28 41
19 28 71
20 28 47
21 28 15
22 28 80
32 28 3
33 28 17
34 28 68
36 28 67
39 28 56
40 28 50
42 28 43
43 28 42
46 28 57
48 28 70
49 28 11
50 28 31
60 28 16
61 28 74
62 28 55
63 28 53
68 28 81
70 28 76
71 28 5
76 28 30
77 28 27
78 28 24
79 28 37
81 28 7
1 29 24
2 29 52
3 29 40
5 29 74
6 29 69
7 29 77
9 29 79
10 29 39
11 29 15
13 29 72
15 29 56
18 29 6
19 29 53
21 29 37
22 29 20
26 29 17
28 29 19
34 29 71
35 29 48
36 29 28
37 29 38
38 29 7
39 29 59
43 29 47
44 29 45
45 29 5
46 29 78
47 29 27
48 29 29
54 29 25
56 29 80
60 29 75
61 29 67
63 29 12
64 29 73
67 29 64
69 29 46
71 29 42
72 29 34
73 29 10
75 29 23
76 29 68
77 29 66
79 29 8
80 29 70
81 29 13
1 30 13
2 30 39
3 30 59
4 30 3
5 30 56
7 30 34
8 30 29
10 30 63
11 30 62
12 30 53
14 30 54
15 30 58
16 30 38
17 30 69
19 30 49
20 30 21
21 30 74
23 30 35
24 30 64
25 30 2
35 30 66
36 30 45
37 30 72
38 30 36
40 30 40
41 30 11
42 30 71
44 30 52
45 30 15
46 30 4
47 30 17
57 30 14
58 30 77
59 30 24
61 30 46
62 30 51
63 30 70
65 30 7
66 30 12
67 30 50
68 30 55
70 30 65
71 30 28
72 30 80
74 30 33
75 30 31
77 30 19
78 30 44
79 30 67
80 30 25
81 30 61
1 31 16
2 31 70
3 31 66
4 31 23
5 31 68
7 31 32
8 31 20
10 31 40
12 31 37
13 31 1
14 31 29
15 31 76
16 31 50
17 31 17
20 31 61
21 31 26
22 31 58
30 31 65
36 31 72
38 31 14
40 31 80
42 31 54
44 31 81
46 31 6
52 31 22
60 31 41
61 31 8
62 31 45
65 31 74
66 31 78
67 31 11
68 31 25
69 31 24
70 31 3
72 31 60
74 31 71
75 31 75
77 31 59
78 31 55
79 31 62
80 31 49
81 31 39
1 32 27
2 32 36
4 32 65
5 32 76
6 32 38
7 32 4
9 32 12
10 32 55
11 32 48
12 32 19
13 32 31
14 32 9
15 32 44
16 32 33
18 32 61
20 32 18
22 32 40
23 32 22
25 32 70
26 32 42
28 32 30
29 32 34
39 32 58
43 32 26
53 32 15
54 32 2
56 32 5
57 32 13
59 32 69
60 32 1
62 32 79
64 32 20
66 32 21
67 32 51
68 32 23
69 32 39
70 32 43
71 32 71
72 32 67
73 32 81
75 32 47
76 32 16
77 32 57
78 32 78
80 32 14
81 32 54
1 33 21
2 33 7
3 33 60
4 33 61
5 33 71
6 33 57
8 33 72
10 33 8
11 33 81
12 33 42
13 33 12
14 33 77
15 33 2
16 33 49
18 33 47
19 33 51
20 33 62
21 33 54
22 33 30
23 33 66
24 33 48
25 33 78
27 33 79
28 33 15
54 33 41
55 33 38
57 33 20
58 33 43
59 33 6
60 33 63
61 33 4
62 33 26
63 33 40
64 33 35
66 33 68
67 33 13
68 33 70
69 33 17
70 33 59
71 33 27
72 33 19
74 33 32
76 33 80
77 33 58
78 33 74
79 33 52
80 33 73
81 33 28
1 34 31
2 34 25
3 34 41
4 34 30
5 34 50
6 34 67
7 34 64
8 34 18
9 34 33
10 34 74
12 34 14
13 34 46
14 34 32
16 34 73
17 34 70
18 34 22
19 34 72
20 34 39
21 34 29
22 34 19
24 34 12
25 34 44
26 34 23
27 34 57
41 34 79
55 34 36
56 34 81
57 34 11
58 34 65
60 34 56
61 34 17
62 34 7
63 34 66
64 34 6
65 34 4
66 34 15
68 34 49
69 34 75
70 34 52
72 34 1
73 34 42
74 34 45
75 34 2
76 34 34
77 34 9
78 34 43
79 34 3
80 34 5
81 34 21
1 35 43
2 35 75
3 35 19
4 35 2
5 35 6
6 35 22
8 35 17
9 35 58
10 35 36
11 35 60
12 35 65
13 35 11
14 35 79
15 35 57
17 35 80
18 35 5
19 35 81
21 35 24
22 35 34
23 35 27
24 35 10
25 35 13
26 35 67
29 35 23
30 35 40
31 35 74
32 35 49
50 35 55
51 35 1
52 35 56
53 35 45
56 35 25
57 35 71
58 35 44
59 35 48
60 35 78
61 35 61
63 35 32
64 35 54
65 35 38
67 35 62
68 35 14
69 35 47
70 35 9
71 35 33
72 35 66
73 35 63
74 35 12
76 35 20
77 35 18
78 35 72
79 35 29
80 35 77
81 35 64
1 36 51
2 36 10
3 36 53
4 36 26
6 36 55
7 36 14
10 36 66
11 36 24
12 36 59
13 36 43
14 36 7
15 36 30
16 36 67
17 36 71
18 36 27
19 36 9
20 36 3
21 36 16
22 36 75
23 36 63
24 36 25
25 36 36
27 36 1
28 36 81
29 36 78
30 36 2
52 36 18
53 36 13
54 36 34
55 36 23
57 36 73
58 36 54
59 36 33
60 36 68
61 36 52
62 36 58
63 36 57
64 36 48
65 36 41
66 36 56
67 36 45
68 36 77
69 36 61
70 36 72
71 36 79
72 36 32
75 36 65
76 36 46
78 36 40
79 36 38
80 36 11
81 36 15
2 37 63
3 37 77
4 37 56
5 37 26
6 37 9
7 37 35
8 37 44
9 37 37
10 37 70
11 37 66
12 37 80
13 37 51
15 37 43
16 37 23
19 37 5
20 37 31
21 37 18
22 37 22
28 37 62
29 37 13
30 37 47
31 37 52
51 37 34
52 37 48
53 37 67
54 37 54
60 37 17
61 37 69
62 37 64
63 37 74
66 37 39
67 37 33
69 37 16
70 37 1
71 37 72
72 37 28
73 37 61
74 37 27
75 37 7
76 37 12
77 37 46
78 37 81
79 37 73
80 37 20
1 38 29
2 38 60
3 38 73
4 38 62
5 38 75
6 38 66
7 38 80
8 38 68
10 38 26
11 38 39
13 38 16
14 38 36
15 38 52
16 38 5
18 38 12
19 38 2
20 38 81
21 38 20
22 38 74
23 38 55
24 38 46
25 38 69
28 38 70
29 38 54
53 38 21
54 38 28
57 38 72
58 38 57
59 38 61
60 38 48
61 38 18
62 38 77
63 38 24
64 38 4
66 38 40
67 38 44
68 38 67
69 38 37
71 38 8
72 38 51
74 38 30
75 38 35
76 38 22
77 38 34
78 38 56
79 38 41
80 38 58
81 38 31
1 39 32
2 39 38
3 39 54
4 39 72
5 39 52
6 39 3
7 39 6
9 39 59
10 39 58
11 39 27
12 39 4
13 39 76
14 39 18
17 39 74
18 39 56
19 39 40
21 39 1
23 39 42
24 39 39
26 39 41
27 39 44
29 39 71
30 39 66
36 39 34
46 39 12
52 39 37
53 39 11
55 39 5
56 39 62
58 39 35
59 39 2
61 39 55
63 39 31
64 39 25
65 39 45
68 39 65
69 39 36
70 39 21
71 39 68
72 39 53
73 39 43
75 39 17
76 39 28
77 39 13
78 39 77
79 39 24
80 39 64
81 39 50
1 40 10
2 40 58
3 40 33
4 40 79
5 40 39
8 40 42
9 40 27
10 40 41
11 40 78
12 40 60
13 40 49
14 40 45
15 40 75
16 40 47
17 40 72
19 40 34
20 40 57
21 40 48
22 40 29
23 40 38
24 40 77
26 40 12
27 40 28
29 40 44
30 40 24
31 40 67
32 40 37
50 40 73
51 40 64
52 40 3
53 40 69
55 40 32
56 40 76
58 40 7
59 40 22
60 40 4
61 40 30
62 40 52
63 40 63
65 40 55
66 40 11
67 40 6
68 40 61
69 40 13
70 40 46
71 40 9
72 40 56
73 40 54
74 40 26
77 40 2
78 40 66
79 40 19
80 40 8
81 40 18
1 41 69
2 41 21
3 41 81
6 41 34
7 41 36
9 41 67
10 41 25
11 41 7
12 41 11
15 41 62
16 41 44
17 41 54
18 41 71
20 41 66
21 41 64
22 41 14
23 41 75
25 41 76
26 41 32
28 41 1
29 41 46
30 41 79
52 41 6
53 41 52
54 41 24
56 41 16
57 41 53
59 41 13
60 41 50
61 41 78
62 41 19
64 41 18
65 41 10
66 41 23
67 41 30
70 41 48
71 41 31
72 41 20
73 41 39
75 41 59
76 41 38
79 41 74
80 41 57
81 41 63
1 42 20
2 42 55
3 42 18
4 42 49
5 42 43
8 42 46
9 42 24
10 42 35
11 42 73
12 42 22
13 42 61
14 42 2
15 42 67
16 42 6
17 42 57
19 42 19
20 42 52
21 42 23
22 42 36
23 42 21
24 42 51
26 42 78
27 42 63
29 42 29
30 42 12
31 42 8
32 42 69
50 42 42
51 42 10
52 42 38
53 42 58
55 42 25
56 42 59
58 42 28
59 42 45
60 42 70
61 42 56
62 42 44
63 42 79
65 42 17
66 42 62
67 42 66
68 42 71
69 42 80
70 42 64
71 42 75
72 42 27
73 42 48
74 42 47
77 42 1
78 42 4
79 42 14
80 42 68
81 42 65
1 43 22
2 43 76
3 43 51
4 43 19
5 43 1
6 43 4
7 43 41
9 43 71
10 43 69
11 43 17
12 43 3
13 43 55
14 43 63
17 43 53
18 43 9
19 43 11
21 43 65
23 43 47
24 43 27
26 43 68
27 43 49
29 43 60
30 43 26
36 43 42
46 43 23
52 43 33
53 43 59
55 43 39
56 43 66
58 43 81
59 43 37
61 43 43
63 43 20
64 43 34
65 43 12
68 43 78
69 43 7
70 43 58
71 43 14
72 43 70
73 43 75
75 43 25
76 43 5
77 43 6
78 43 10
79 43 45
80 43 36
81 43 67
1 44 11
2 44 65
3 44 50
4 44 5
5 44 2
6 44 25
7 44 53
8 44 78
10 44 15
11 44 8
13 44 81
14 44 42
15 44 19
16 44 64
18 44 31
19 44 43
20 44 16
21 44 7
22 44 35
23 44 10
24 44 56
25 44 62
28 44 58
29 44 17
53 44 4
54 44 13
57 44 67
58 44 1
59 44 80
60 44 49
61 44 41
62 44 12
63 44 14
64 44 63
66 44 74
67 44 59
68 44 24
69 44 77
71 44 57
72 44 38
74 44 9
75 44 71
76 44 3
77 44 44
78 44 79
79 44 70
80 44 29
81 44 23
2 45 64
3 45 16
4 45 17
5 45 28
6 45 45
7 45 40
8 45 8
9 45 30
10 45 20
11 45 79
12 45 13
13 45 14
15 45 24
16 45 59
19 45 6
20 45 4
21 45 58
22 45 37
28 45 31
29 45 57
30 45 36
31 45 19
51 45 41
52 45 63
53 45 22
54 45 5
60 45 23
61 45 60
62 45 3
63 45 51
66 45 76
67 45 47
69 45 32
70 45 35
71 45 29
72 45 50
73 45 78
74 45 52
75 45 55
76 45 21
77 45 11
78 45 49
79 45 53
80 45 69
1 46 9
2 46 14
3 46 48
4 46 4
6 46 18
7 46 51
10 46 46
11 46 63
12 46 76
13 46 19
14 46 61
15 46 8
16 46 21
17 46 31
18 46 45
19 46 37
20 46 36
21 46 53
22 46 7
23 46 49
24 46 78
25 46 25
27 46 60
28 46 26
29 46 47
30 46 33
52 46 24
53 46 12
54 46 70
55 46 10
57 46 77
58 46 40
59 46 38
60 46 43
61 46 81
62 46 66
63 46 15
64 46 17
65 46 44
66 46 65
67 46 67
68 46 57
69 46 28
70 46 13
71 46 3
72 46 58
75 46 80
76 46 72
78 46 39
79 46 50
80 46 71
81 46 30
1 47 55
2 47 45
3 47 65
4 47 68
5 47 40
6 47 21
8 47 63
9 47 16
10 47 57
11 47 49
12 47 73
13 47 38
14 47 26
15 47 14
17 47 81
18 47 37
19 47 66
21 47 17
22 47 77
23 47 9
24 47 70
25 47 47
26 47 48
29 47 19
30 47 54
31 47 76
32 47 75
50 47 71
51 47 22
52 47 64
53 47 10
56 47 51
57 47 74
58 47 32
59 47 39
60 47 8
61 47 23
63 47 27
64 47 5
65 47 46
67 47 79
68 47 36
69 47 25
70 47 11
71 47 69
72 47 18
73 47 1
74 47 4
76 47 53
77 47 52
78 47 2
79 47 13
80 47 44
81 47 20
1 48 34
2 48 79
3 48 7
4 48 41
5 48 25
6 48 61
7 48 20
8 48 76
9 48 38
10 48 62
12 48 2
13 48 18
14 48 70
16 48 60
17 48 22
18 48 58
19 48 54
20 48 56
21 48 13
22 48 44
24 48 4
25 48 12
26 48 15
27 48 26
41 48 78
55 48 73
56 48 31
57 48 35
58 48 67
60 48 36
61 48 64
62 48 24
63 48 46
64 48 53
65 48 16
66 48 80
68 48 30
69 48 9
70 48 6
72 48 72
73 48 3
74 48 48
75 48 74
76 48 43
77 48 5
78 48 23
79 48 77
80 48 45
81 48 19
1 49 1
2 49 19
3 49 70
4 49 22
5 49 77
6 49 56
8 49 10
10 49 4
11 49 55
12 49 69
13 49 68
14 49 23
15 49 15
16 49 65
18 49 66
19 49 79
20 49 33
21 49 34
22 49 52
23 49 28
24 49 45
25 49 40
27 49 21
28 49 13
54 49 44
55 49 37
57 49 41
58 49 80
59 49 20
60 49 76
61 49 72
62 49 17
63 49 62
64 49 74
66 49 73
67 49 49
68 49 32
69 49 51
70 49 31
71 49 12
72 49 7
74 49 8
76 49 36
77 49 78
78 49 67
79 49 54
80 49 24
81 49 25
1 50 49
2 50 35
4 50 15
5 50 36
6 50 43
7 50 13
9 50 72
10 50 54
11 50 71
12 50 79
13 50 78
14 50 44
15 50 41
16 50 27
18 50 3
20 50 23
22 50 32
23 50 76
25 50 20
26 50 11
28 50 52
29 50 65
39 50 46
43 50 31
53 50 47
54 50 17
56 50 1
57 50 7
59 50 55
60 50 29
62 50 5
64 50 66
66 50 8
67 50 37
68 50 2
69 50 45
70 50 10
71 50 24
72 50 14
73 50 59
75 50 21
76 50 6
77 50 22
78 50 42
80 50 16
81 50 81
1 51 8
2 51 6
3 51 2
4 51 67
5 51 30
7 51 66
8 51 32
10 51 7
12 51 17
13 51 20
14 51 47
15 51 80
16 51 16
17 51 10
20 51 69
21 51 5
22 51 62
30 51 73
36 51 58
38 51 24
40 51 48
42 51 44
44 51 15
46 51 53
52 51 65
60 51 26
61 51 14
62 51 59
65 51 21
66 51 33
67 51 23
68 51 63
69 51 4
70 51 38
72 51 54
74 51 11
75 51 29
77 51 79
78 51 57
79 51 46
80 51 35
81 51 70
1 52 37
2 52 31
3 52 64
4 52 59
5 52 46
7 52 62
8 52 58
10 52 13
11 52 74
12 52 5
14 52 6
15 52 51
16 52 72
17 52 25
19 52 10
20 52 80
21 52 3
23 52 16
24 52 68
25 52 67
35 52 27
36 52 35
37 52 20
38 52 11
40 52 36
41 52 14
42 52 39
44 52 75
45 52 79
46 52 30
47 52 54
57 52 69
58 52 48
59 52 9
61 52 63
62 52 57
63 52 50
65 52 34
66 52 29
67 52 19
68 52 40
70 52 61
71 52 22
72 52 41
74 52 17
75 52 26
77 52 65
78 52 76
79 52 60
80 52 66
81 52 73
1 53 78
2 53 17
3 53 71
5 53 80
6 53 24
7 53 54
9 53 5
10 53 67
11 53 50
13 53 53
15 53 35
18 53 29
19 53 31
21 53 59
22 53 65
26 53 30
28 53 44
34 53 41
35 53 63
36 53 23
37 53 6
38 53 8
39 53 66
43 53 9
44 53 37
45 53 40
46 53 73
47 53 16
48 53 32
54 53 49
56 53 45
60 53 60
61 53 42
63 53 2
64 53 55
67 53 81
69 53 68
71 53 26
72 53 52
73 53 51
75 53 12
76 53 7
77 53 28
79 53 10
80 53 61
81 53 34
1 54 50
3 54 42
4 54 44
5 54 27
6 54 81
11 54 28
12 54 64
14 54 34
19 54 1
20 54 14
21 54 63
22 54 41
32 54 51
33 54 11
34 54 66
36 54 74
39 54 38
40 54 76
42 54 10
43 54 57
46 54 7
48 54 23
49 54 5
50 54 72
60 54 53
61 54 6
62 54 30
63 54 25
68 54 35
70 54 75
71 54 59
76 54 32
77 54 68
78 54 18
79 54 31
81 54 37
1 55 36
2 55 54
3 55 34
4 55 80
5 55 72
6 55 44
7 55 29
8 55 39
9 55 17
10 55 21
11 55 33
13 55 48
14 55 3
15 55 73
16 55 25
17 55 66
20 55 8
30 55 37
32 55 27
33 55 77
34 55 78
36 55 24
37 55 19
39 55 4
41 55 52
43 55 1
45 55 35
46 55 31
48 55 79
49 55 59
50 55 51
52 55 16
62 55 61
65 55 68
66 55 57
67 55 53
68 55 11
69 55 76
71 55 64
72 55 10
73 55 12
74 55 18
75 55 43
76 55 50
77 55 63
78 55 71
79 55 9
80 55 22
81 55 32
1 56 38
2 56 37
3 56 35
4 56 32
6 56 51
7 56 28
8 56 77
10 56 17
11 56 2
12 56 50
13 56 79
14 56 8
15 56 49
16 56 61
17 56 43
18 56 52
19 56 59
20 56 71
22 56 10
23 56 36
32 56 60
33 56 30
34 56 44
35 56 5
37 56 40
39 56 15
41 56 21
43 56 63
45 56 45
47 56 70
48 56 33
49 56 18
50 56 14
59 56 64
60 56 54
62 56 65
63 56 76
64 56 9
65 56 72
66 56 66
67 56 78
68 56 27
69 56 1
70 56 23
71 56 19
72 56 12
74 56 57
75 56 20
76 56 58
78 56 25
79 56 69
80 56 81
81 56 41
1 57 40
2 57 4
3 57 67
4 57 18
5 57 42
6 57 2
7 57 1
8 57 60
9 57 10
10 57 5
12 57 46
13 57 28
14 57 71
15 57 11
16 57 75
18 57 19
19 57 20
21 57 72
22 57 15
31 57 39
33 57 74
34 57 64
35 57 47
37 57 51
41 57 8
45 57 61
47 57 37
48 57 22
49 57 35
51 57 30
60 57 62
61 57 53
63 57 68
64 57 45
66 57 44
67 57 21
68 57 43
69 57 54
70 57 80
72 57 59
73 57 73
74 57 14
75 57 38
76 57 23
77 57 7
78 57 3
79 57 78
80 57 13
81 57 77
1 58 70
2 58 43
3 58 3
4 58 58
5 58 21
7 58 11
9 58 47
10 58 23
11 58 12
12 58 51
13 58 40
15 58 32
16 58 81
18 58 64
19 58 55
23 58 56
33 58 49
34 58 36
35 58 13
36 58 19
37 58 22
39 58 74
40 58 6
42 58 57
43 58 73
45 58 78
46 58 15
47 58 34
48 58 41
49 58 53
59 58 1
63 58 59
64 58 29
66 58 16
67 58 38
69 58 63
70 58 60
71 58 65
72 58 25
73 58 24
75 58 4
77 58 26
78 58 61
79 58 42
80 58 80
81 58 27
1 59 81
2 59 69
3 59 30
4 59 73
5 59 53
8 59 61
10 59 59
12 59 57
13 59 9
14 59 10
16 59 36
20 59 60
21 59 4
31 59 68
33 59 41
34 59 45
36 59 63
37 59 11
39 59 47
40 59 67
41 59 71
42 59 62
43 59 3
45 59 77
46 59 49
48 59 46
49 59 23
51 59 75
61 59 51
62 59 15
66 59 55
68 59 58
69 59 35
70 59 56
72 59 5
74 59 16
77 59 29
78 59 65
79 59 1
80 59 33
81 59 40
1 60 59
2 60 13
3 60 52
4 60 24
5 60 57
6 60 19
7 60 79
10 60 76
11 60 20
12 60 15
13 60 29
15 60 42
16 60 68
18 60 54
19 60 25
27 60 69
29 60 80
31 60 65
32 60 23
33 60 14
34 60 38
35 60 58
36 60 16
37 60 75
39 60 48
40 60 17
42 60 32
43 60 44
45 60 18
46 60 21
47 60 78
48 60 39
49 60 1
50 60 11
51 60 81
53 60 64
55 60 9
63 60 56
64 60 62
66 60 7
67 60 34
69 60 73
70 60 36
71 60 50
72 60 6
75 60 5
76 60 51
77 60 45
78 60 35
79 60 2
80 60 60
81 60 49
2 61 12
3 61 68
4 61 50
5 61 23
6 61 71
8 61 55
9 61 9
11 61 69
13 61 47
14 61 65
17 61 16
20 61 37
25 61 6
26 61 45
29 61 32
30 61 46
31 61 61
34 61 48
35 61 34
36 61 21
37 61 36
38 61 81
40 61 20
41 61 27
42 61 14
44 61 39
45 61 58
46 61 10
47 61 73
48 61 5
51 61 38
52 61 13
53 61 40
56 61 74
57 61 3
62 61 22
65 61 67
68 61 4
69 61 31
71 61 77
73 61 15
74 61 54
76 61 66
77 61 30
78 61 59
79 61 76
80 61 75
1 62 7
3 62 15
7 62 27
9 62 65
10 62 38
11 62 72
12 62 74
19 62 18
24 62 42
25 62 5
26 62 40
27 62 31
28 62 33
30 62 3
31 62 9
33 62 25
34 62 57
35 62 50
37 62 54
38 62 46
39 62 80
41 62 12
43 62 37
44 62 60
45 62 64
47 62 45
48 62 6
49 62 29
51 62 71
52 62 28
54 62 26
55 62 43
56 62 77
57 62 79
58 62 34
63 62 47
70 62 32
71 62 61
72 62 69
73 62 62
75 62 44
79 62 56
81 62 48
1 63 41
2 63 48
4 63 75
6 63 78
22 63 12
25 63 23
26 63 73
27 63 33
28 63 67
29 63 11
31 63 66
32 63 43
33 63 81
34 63 35
35 63 22
36 63 8
38 63 68
39 63 24
40 63 10
41 63 50
42 63 72
43 63 29
44 63 53
46 63 62
47 63 4
48 63 77
49 63 65
50 63 58
51 63 61
53 63 7
54 63 56
55 63 63
56 63 2
57 63 37
60 63 32
76 63 52
78 63 19
80 63 39
81 63 36
1 64 53
2 64 23
3 64 10
4 64 78
5 64 32
7 64 67
9 64 34
10 64 71
11 64 30
12 64 28
13 64 37
14 64 48
17 64 9
22 64 24
23 64 40
24 64 80
25 64 4
26 64 44
27 64 15
30 64 61
33 64 69
34 64 13
35 64 43
39 64 75
40 64 8
42 64 76
43 64 38
47 64 36
48 64 55
49 64 77
52 64 12
55 64 17
56 64 58
57 64 16
58 64 5
59 64 47
60 64 65
65 64 3
68 64 66
69 64 52
70 64 19
71 64 54
72 64 21
73 64 33
75 64 70
77 64 31
78 64 22
79 64 59
80 64 72
81 64 60
1 65 45
2 65 62
3 65 44
4 65 42
5 65 31
6 65 52
7 65 16
9 65 77
10 65 2
11 65 61
12 65 26
13 65 67
14 65 64
20 65 53
25 65 55
27 65 19
30 65 60
32 65 48
34 65 74
35 65 73
36 65 20
37 65 30
38 65 69
40 65 28
42 65 15
44 65 3
45 65 27
46 65 76
47 65 46
48 65 56
50 65 4
52 65 39
55 65 79
57 65 12
62 65 54
68 65 68
69 65 6
70 65 25
71 65 34
72 65 9
73 65 29
75 65 51
76 65 41
77 65 8
78 65 7
79 65 11
80 65 37
81 65 47
1 66 58
2 66 71
3 66 9
4 66 57
5 66 63
6 66 60
8 66 51
9 66 19
10 66 52
11 66 25
12 66 1
22 66 47
23 66 59
26 66 8
27 66 29
29 66 2
30 66 18
31 66 75
33 66 39
35 66 37
36 66 40
38 66 21
39 66 26
40 66 23
42 66 74
43 66 6
44 66 10
46 66 28
47 66 13
49 66 79
51 66 53
52 66 61
53 66 3
55 66 72
56 66 48
59 66 46
60 66 77
70 66 5
71 66 45
72 66 30
73 66 38
74 66 80
76 66 65
77 66 54
78 66 12
79 66 16
80 66 50
81 66 44
1 67 35
2 67 74
3 67 38
4 67 1
5 67 55
7 67 68
8 67 21
9 67 7
10 67 33
12 67 40
13 67 15
14 67 66
20 67 70
21 67 78
22 67 67
24 67 6
25 67 73
26 67 52
27 67 46
30 67 10
32 67 57
33 67 54
35 67 36
37 67 12
40 67 11
41 67 44
42 67 16
45 67 53
47 67 51
49 67 71
50 67 5
52 67 26
55 67 19
56 67 41
57 67 81
58 67 59
60 67 25
61 67 13
62 67 32
68 67 20
69 67 14
70 67 39
72 67 2
73 67 18
74 67 58
75 67 62
77 67 61
78 67 45
79 67 30
80 67 4
81 67 76
1 68 28
2 68 3
4 68 36
5 68 12
6 68 64
7 68 47
9 68 15
10 68 65
11 68 10
20 68 50
23 68 32
24 68 30
25 68 38
26 68 43
27 68 18
28 68 72
29 68 76
30 68 42
33 68 62
34 68 22
35 68 51
36 68 27
37 68 77
38 68 19
39 68 34
40 68 5
42 68 73
43 68 55
44 68 59
45 68 63
46 68 25
47 68 40
48 68 37
49 68 58
52 68 68
53 68 29
54 68 48
55 68 8
56 68 14
57 68 70
58 68 20
59 68 71
62 68 31
71 68 49
72 68 26
73 68 53
75 68 78
76 68 35
77 68 21
78 68 9
80 68 46
81 68 69
1 69 48
3 69 39
4 69 46
6 69 5
7 69 50
8 69 69
11 69 43
17 69 13
18 69 76
20 69 12
21 69 42
22 69 81
23 69 25
24 69 2
25 69 45
27 69 77
29 69 68
30 69 53
32 69 80
33 69 79
34 69 32
35 69 78
36 69 65
37 69 31
39 69 7
40 69 9
41 69 72
42 69 60
43 69 40
45 69 49
46 69 38
47 69 57
48 69 11
49 69 8
50 69 18
52 69 14
53 69 30
55 69 61
57 69 51
58 69 52
59 69 62
60 69 55
61 69 26
62 69 29
64 69 44
65 69 71
71 69 67
74 69 36
75 69 19
76 69 17
78 69 34
79 69 64
81 69 75
1 70 66
3 70 11
5 70 70
6 70 73
15 70 46
16 70 62
17 70 29
21 70 21
22 70 9
24 70 79
25 70 7
26 70 16
27 70 39
28 70 59
29 70 35
31 70 12
32 70 31
33 70 33
34 70 17
35 70 4
36 70 30
37 70 81
38 70 18
39 70 42
43 70 61
44 70 14
45 70 43
46 70 44
47 70 69
48 70 78
49 70 6
50 70 1
51 70 74
53 70 19
54 70 45
55 70 50
56 70 64
57 70 24
58 70 75
60 70 27
61 70 3
65 70 13
66 70 58
67 70 8
76 70 26
77 70 25
79 70 48
81 70 52
5 71 20
7 71 8
10 71 72
14 71 14
16 71 18
17 71 39
19 71 60
20 71 28
21 71 69
23 71 37
24 71 26
26 71 5
27 71 13
29 71 3
30 71 34
31 71 15
32 71 19
33 71 58
34 71 6
35 71 29
37 71 17
38 71 1
39 71 62
40 71 22
41 71 41
42 71 67
43 71 33
44 71 78
45 71 51
47 71 23
48 71 65
49 71 63
50 71 64
51 71 35
52 71 50
53 71 70
55 71 30
56 71 68
58 71 10
59 71 74
61 71 2
62 71 53
63 71 21
65 71 59
66 71 48
68 71 46
72 71 16
75 71 66
77 71 43
1 72 30
2 72 18
3 72 24
13 72 7
15 72 78
17 72 36
18 72 8
19 72 61
20 72 58
21 72 11
22 72 51
23 72 31
26 72 10
27 72 65
28 72 71
29 72 49
30 72 1
31 72 46
32 72 56
33 72 44
34 72 55
35 72 26
36 72 14
37 72 2
38 72 52
39 72 70
40 72 47
41 72 54
42 72 50
43 72 25
44 72 57
45 72 48
46 72 17
47 72 21
48 72 67
49 72 20
50 72 27
51 72 16
52 72 80
53 72 33
54 72 66
55 72 15
56 72 40
59 72 76
60 72 69
61 72 45
62 72 4
63 72 37
64 72 28
65 72 53
67 72 73
69 72 29
79 72 5
80 72 23
81 72 74
1 73 33
2 73 42
3 73 20
12 73 8
15 73 81
16 73 10
17 73 18
18 73 59
22 73 50
23 73 3
24 73 69
25 73 26
26 73 4
27 73 9
30 73 48
32 73 7
33 73 23
34 73 40
35 73 77
36 73 73
38 73 22
40 73 16
42 73 27
44 73 19
46 73 41
47 73 68
48 73 38
49 73 49
50 73 63
52 73 11
55 73 78
56 73 60
57 73 44
58 73 25
59 73 31
60 73 37
64 73 21
65 73 1
66 73 46
67 73 52
70 73 74
79 73 15
80 73 76
81 73 56
1 74 25
2 74 67
3 74 17
4 74 38
5 74 44
6 74 7
13 74 22
14 74 74
15 74 45
16 74 39
17 74 37
22 74 49
23 74 30
24 74 36
25 74 81
26 74 27
27 74 62
31 74 2
33 74 68
34 74 9
35 74 65
36 74 6
37 74 60
40 74 15
41 74 35
42 74 66
45 74 47
46 74 20
47 74 14
48 74 28
49 74 42
51 74 58
55 74 59
56 74 50
57 74 29
58 74 53
59 74 19
60 74 34
65 74 56
66 74 26
67 74 71
68 74 72
69 74 40
76 74 77
77 74 41
78 74 11
79 74 80
80 74 43
81 74 79
1 75 79
2 75 66
3 75 14
4 75 60
6 75 13
9 75 49
15 75 54
16 75 76
17 75 20
18 75 57
20 75 24
21 75 2
23 75 61
24 75 40
26 75 58
27 75 72
29 75 5
31 75 44
32 75 39
33 75 36
34 75 11
35 75 69
36 75 10
38 75 64
39 75 29
40 75 33
42 75 37
43 75 67
44 75 30
46 75 16
47 75 26
48 75 80
49 75 75
50 75 23
51 75 21
53 75 71
55 75 74
56 75 56
58 75 55
59 75 12
61 75 27
62 75 9
64 75 19
65 75 48
66 75 77
67 75 25
73 75 28
76 75 47
78 75 8
79 75 35
80 75 7
81 75 6
2 76 59
9 76 50
13 76 5
14 76 78
15 76 7
16 76 3
17 76 19
18 76 79
21 76 51
23 76 60
24 76 43
26 76 14
27 76 20
28 76 42
29 76 26
30 76 17
31 76 28
32 76 74
33 76 72
34 76 25
35 76 71
36 76 37
38 76 4
39 76 76
40 76 32
41 76 73
42 76 77
43 76 75
44 76 58
46 76 13
47 76 62
48 76 64
49 76 61
50 76 30
51 76 56
52 76 67
53 76 18
54 76 33
55 76 6
56 76 63
58 76 8
59 76 23
61 76 16
64 76 39
65 76 57
66 76 81
67 76 2
68 76 29
69 76 22
73 76 69
80 76 34
1 77 65
2 77 29
3 77 80
8 77 16
14 77 46
15 77 9
16 77 28
17 77 26
18 77 36
19 77 12
21 77 57
23 77 68
24 77 19
25 77 66
26 77 75
27 77 78
29 77 33
30 77 56
31 77 62
32 77 61
33 77 67
34 77 47
35 77 81
36 77 54
37 77 50
38 77 25
39 77 69
40 77 31
42 77 38
43 77 10
44 77 63
45 77 1
46 77 72
47 77 48
48 77 76
49 77 27
50 77 74
51 77 45
52 77 4
53 77 17
55 77 51
56 77 18
57 77 2
58 77 11
59 77 43
61 77 70
63 77 71
64 77 7
65 77 35
66 77 6
67 77 24
68 77 5
74 77 64
79 77 23
80 77 40
81 77 22
1 78 19
3 78 56
7 78 46
8 78 26
9 78 63
11 78 68
13 78 27
15 78 47
16 78 41
17 78 2
18 78 33
19 78 13
20 78 54
22 78 25
23 78 23
25 78 29
26 78 6
27 78 22
28 78 51
30 78 32
31 78 16
32 78 66
33 78 38
34 78 52
35 78 60
36 78 80
37 78 57
38 78 61
39 78 65
40 78 74
41 78 40
42 78 3
43 78 21
44 78 44
45 78 62
46 78 8
47 78 5
48 78 59
49 78 34
50 78 35
51 78 37
52 78 15
54 78 79
55 78 24
56 78 7
57 78 76
59 78 77
60 78 64
62 78 20
63 78 81
64 78 75
65 78 50
66 78 28
67 78 9
69 78 49
71 78 4
73 78 71
74 78 39
75 78 14
79 78 72
81 78 17
5 79 41
8 79 30
10 79 42
11 79 80
13 79 64
14 79 16
15 79 69
16 79 40
17 79 61
18 79 35
19 79 39
21 79 77
22 79 45
23 79 46
24 79 67
25 79 37
26 79 47
27 79 7
30 79 63
31 79 22
32 79 18
33 79 78
34 79 15
35 79 55
36 79 43
38 79 9
39 79 8
40 79 68
41 79 59
42 79 20
43 79 5
44 79 71
46 79 52
47 79 2
48 79 44
49 79 24
50 79 50
51 79 51
52 79 81
55 79 66
56 79 33
57 79 57
58 79 14
59 79 28
60 79 3
61 79 65
63 79 17
64 79 36
65 79 58
66 79 54
67 79 70
68 79 34
69 79 60
71 79 76
72 79 11
74 79 19
77 79 38
6 80 6
7 80 74
9 80 28
10 80 60
11 80 67
12 80 58
14 80 75
15 80 38
16 80 63
17 80 62
18 80 65
19 80 35
20 80 64
22 80 76
23 80 5
24 80 33
25 80 16
26 80 34
28 80 27
29 80 21
31 80 30
32 80 4
33 80 20
34 80 70
35 80 24
36 80 29
37 80 23
38 80 2
39 80 81
40 80 43
42 80 45
43 80 11
44 80 7
45 80 42
46 80 47
47 80 66
48 80 12
49 80 22
50 80 57
51 80 36
53 80 39
54 80 73
56 80 72
57 80 54
58 80 79
59 80 40
60 80 13
62 80 1
63 80 41
64 80 15
65 80 14
66 80 37
67 80 10
68 80 80
70 80 53
71 80 51
72 80 61
73 80 31
75 80 3
76 80 44
5 81 24
6 81 37
7 81 57
9 81 55
11 81 77
12 81 72
13 81 34
14 81 17
15 81 23
16 81 71
17 81 11
18 81 73
19 81 28
20 81 10
22 81 59
24 81 1
25 81 56
26 81 38
27 81 70
29 81 58
30 81 45
31 81 3
32 81 50
33 81 19
34 81 75
35 81 64
36 81 76
37 81 48
38 81 41
39 81 79
40 81 51
41 81 49
42 81 12
43 81 14
44 81 54
45 81 39
46 81 40
47 81 31
48 81 43
49 81 9
50 81 29
51 81 78
52 81 60
53 81 25
55 81 26
56 81 61
57 81 15
58 81 47
60 81 21
62 81 62
63 81 4
64 81 16
65 81 66
66 81 67
67 81 68
68 81 42
69 81 44
70 81 69
71 81 20
73 81 52
75 81 18
76 81 63
77 81 36
